# SN x0 x1 c t0 SIM_x0 SIM_x1 SIM_c SIM_t0 SALT2_x0 SALT2_x1 SALT2_c SALT2_t0
1250017 3.5009272397e-03 0.8661201596 -0.1826254874 56553.9062000000 -9.9000000000e+01 -99.0000000000 -99.0000000000 -99.00 -9.9000000000e+01 -99.0000000000 -99.0000000000 -99.0000000000
03D1aw 1.7552814097e-04 0.8495807052 -0.0195624251 52902.8047000000 -9.9000000000e+01 -99.0000000000 -99.0000000000 -99.00 -9.9000000000e+01 -99.0000000000 -99.0000000000 -99.0000000000
03D1au 2.9720770544e-04 0.7475725412 -0.0246117245 52909.7344000000 -9.9000000000e+01 -99.0000000000 -99.0000000000 -99.00 -9.9000000000e+01 -99.0000000000 -99.0000000000 -99.0000000000
1981B 7.2672767639e+00 0.0263110548 0.0349494629 44672.6445000000 -9.9000000000e+01 -99.0000000000 -99.0000000000 -99.00 -9.9000000000e+01 -99.0000000000 -99.0000000000 -99.0000000000
1994S 5.5509674549e-01 0.5229036212 -0.1079639271 49518.7695000000 -9.9000000000e+01 -99.0000000000 -99.0000000000 -99.00 -9.9000000000e+01 -99.0000000000 -99.0000000000 -99.0000000000
2016W 2.2787059844e-01 -2.0717701912 0.0560206138 57417.7891000000 -9.9000000000e+01 -99.0000000000 -99.0000000000 -99.00 -9.9000000000e+01 -99.0000000000 -99.0000000000 -99.0000000000
2009kk 5.4280501604e-01 -1.2997783422 -0.0729655251 55126.8281000000 -9.9000000000e+01 -99.0000000000 -99.0000000000 -99.00 -9.9000000000e+01 -99.0000000000 -99.0000000000 -99.0000000000
1032 2.9333501589e-03 -1.9730180502 0.0446554869 53626.5273000000 -9.9000000000e+01 -99.0000000000 -99.0000000000 -99.00 -9.9000000000e+01 -99.0000000000 -99.0000000000 -99.0000000000
1990af 3.3041656017e-02 -1.5361367464 -0.0474378057 48195.9961000000 -9.9000000000e+01 -99.0000000000 -99.0000000000 -99.00 -9.9000000000e+01 -99.0000000000 -99.0000000000 -99.0000000000
1997E 3.6801734567e-01 -2.4142699242 0.1534945369 50468.5312000000 -9.9000000000e+01 -99.0000000000 -99.0000000000 -99.00 -9.9000000000e+01 -99.0000000000 -99.0000000000 -99.0000000000
10028 1.9625909626e-02 -0.1369126886 0.0145134013 53693.6490000000 -9.9000000000e+01 -99.0000000000 -99.0000000000 -99.00 -9.9000000000e+01 -99.0000000000 -99.0000000000 -99.0000000000
100090 1.6479757614e-03 -0.2124811858 0.0397401974 55506.3359000000 -9.9000000000e+01 -99.0000000000 -99.0000000000 -99.00 -9.9000000000e+01 -99.0000000000 -99.0000000000 -99.0000000000
2007A 2.4450151622e-01 0.7538254857 0.1249699369 54113.7617000000 -9.9000000000e+01 -99.0000000000 -99.0000000000 -99.00 -9.9000000000e+01 -99.0000000000 -99.0000000000 -99.0000000000
10010 7.9024964944e-03 0.4385168552 0.0157029927 55238.8945000000 -9.9000000000e+01 -99.0000000000 -99.0000000000 -99.00 -9.9000000000e+01 -99.0000000000 -99.0000000000 -99.0000000000
1248677 8.8995584520e-04 1.2096539736 -0.2144875228 56554.3203000000 -9.9000000000e+01 -99.0000000000 -99.0000000000 -99.00 -9.9000000000e+01 -99.0000000000 -99.0000000000 -99.0000000000
ASASSN-15bc 6.3984662294e-02 0.8510820270 0.0300329123 57047.8047000000 -9.9000000000e+01 -99.0000000000 -99.0000000000 -99.00 -9.9000000000e+01 -99.0000000000 -99.0000000000 -99.0000000000
2001V 7.0562016964e-01 0.7359683514 -0.0583374947 51973.9297000000 -9.9000000000e+01 -99.0000000000 -99.0000000000 -99.00 -9.9000000000e+01 -99.0000000000 -99.0000000000 -99.0000000000
2004ef 7.8506797552e-02 -2.0485095978 0.1846822947 53263.7812000000 -9.9000000000e+01 -99.0000000000 -99.0000000000 -99.00 -9.9000000000e+01 -99.0000000000 -99.0000000000 -99.0000000000
10 1.2393119978e-03 0.9208986163 0.0170239080 55215.3438000000 -9.9000000000e+01 -99.0000000000 -99.0000000000 -99.00 -9.9000000000e+01 -99.0000000000 -99.0000000000 -99.0000000000
1250017 3.5009272397e-03 0.8661201596 -0.1826254874 56553.9062000000 -9.9000000000e+01 -99.0000000000 -99.0000000000 -99.00 -9.9000000000e+01 -99.0000000000 -99.0000000000 -99.0000000000
03D1aw 1.7552814097e-04 0.8495807052 -0.0195624251 52902.8047000000 -9.9000000000e+01 -99.0000000000 -99.0000000000 -99.00 -9.9000000000e+01 -99.0000000000 -99.0000000000 -99.0000000000
03D1au 2.9720770544e-04 0.7475725412 -0.0246117245 52909.7344000000 -9.9000000000e+01 -99.0000000000 -99.0000000000 -99.00 -9.9000000000e+01 -99.0000000000 -99.0000000000 -99.0000000000
1981B 7.2672767639e+00 0.0263110548 0.0349494629 44672.6445000000 -9.9000000000e+01 -99.0000000000 -99.0000000000 -99.00 -9.9000000000e+01 -99.0000000000 -99.0000000000 -99.0000000000
1994S 5.5509674549e-01 0.5229036212 -0.1079639271 49518.7695000000 -9.9000000000e+01 -99.0000000000 -99.0000000000 -99.00 -9.9000000000e+01 -99.0000000000 -99.0000000000 -99.0000000000
2016W 2.2787059844e-01 -2.0717701912 0.0560206138 57417.7891000000 -9.9000000000e+01 -99.0000000000 -99.0000000000 -99.00 -9.9000000000e+01 -99.0000000000 -99.0000000000 -99.0000000000
2009kk 5.4280501604e-01 -1.2997783422 -0.0729655251 55126.8281000000 -9.9000000000e+01 -99.0000000000 -99.0000000000 -99.00 -9.9000000000e+01 -99.0000000000 -99.0000000000 -99.0000000000
1032 2.9333501589e-03 -1.9730180502 0.0446554869 53626.5273000000 -9.9000000000e+01 -99.0000000000 -99.0000000000 -99.00 -9.9000000000e+01 -99.0000000000 -99.0000000000 -99.0000000000
1990af 3.3041656017e-02 -1.5361367464 -0.0474378057 48195.9961000000 -9.9000000000e+01 -99.0000000000 -99.0000000000 -99.00 -9.9000000000e+01 -99.0000000000 -99.0000000000 -99.0000000000
1997E 3.6801734567e-01 -2.4142699242 0.1534945369 50468.5312000000 -9.9000000000e+01 -99.0000000000 -99.0000000000 -99.00 -9.9000000000e+01 -99.0000000000 -99.0000000000 -99.0000000000
10028 1.9625909626e-02 -0.1369126886 0.0145134013 53693.6490000000 -9.9000000000e+01 -99.0000000000 -99.0000000000 -99.00 -9.9000000000e+01 -99.0000000000 -99.0000000000 -99.0000000000
100090 1.6479757614e-03 -0.2124811858 0.0397401974 55506.3359000000 -9.9000000000e+01 -99.0000000000 -99.0000000000 -99.00 -9.9000000000e+01 -99.0000000000 -99.0000000000 -99.0000000000
2007A 2.4450151622e-01 0.7538254857 0.1249699369 54113.7617000000 -9.9000000000e+01 -99.0000000000 -99.0000000000 -99.00 -9.9000000000e+01 -99.0000000000 -99.0000000000 -99.0000000000
10010 7.9024964944e-03 0.4385168552 0.0157029927 55238.8945000000 -9.9000000000e+01 -99.0000000000 -99.0000000000 -99.00 -9.9000000000e+01 -99.0000000000 -99.0000000000 -99.0000000000
1248677 8.8995584520e-04 1.2096539736 -0.2144875228 56554.3203000000 -9.9000000000e+01 -99.0000000000 -99.0000000000 -99.00 -9.9000000000e+01 -99.0000000000 -99.0000000000 -99.0000000000
ASASSN-15bc 6.3984662294e-02 0.8510820270 0.0300329123 57047.8047000000 -9.9000000000e+01 -99.0000000000 -99.0000000000 -99.00 -9.9000000000e+01 -99.0000000000 -99.0000000000 -99.0000000000
2001V 7.0562016964e-01 0.7359683514 -0.0583374947 51973.9297000000 -9.9000000000e+01 -99.0000000000 -99.0000000000 -99.00 -9.9000000000e+01 -99.0000000000 -99.0000000000 -99.0000000000
2004ef 7.8506797552e-02 -2.0485095978 0.1846822947 53263.7812000000 -9.9000000000e+01 -99.0000000000 -99.0000000000 -99.00 -9.9000000000e+01 -99.0000000000 -99.0000000000 -99.0000000000
10 1.2393119978e-03 0.9208986163 0.0170239080 55215.3438000000 -9.9000000000e+01 -99.0000000000 -99.0000000000 -99.00 -9.9000000000e+01 -99.0000000000 -99.0000000000 -99.0000000000
1250017 3.5009272397e-03 0.8661201596 -0.1826254874 56553.9062000000 -9.9000000000e+01 -99.0000000000 -99.0000000000 -99.00 -9.9000000000e+01 -99.0000000000 -99.0000000000 -99.0000000000
03D1aw 1.7552814097e-04 0.8495807052 -0.0195624251 52902.8047000000 -9.9000000000e+01 -99.0000000000 -99.0000000000 -99.00 -9.9000000000e+01 -99.0000000000 -99.0000000000 -99.0000000000
03D1au 2.9720770544e-04 0.7475725412 -0.0246117245 52909.7344000000 -9.9000000000e+01 -99.0000000000 -99.0000000000 -99.00 -9.9000000000e+01 -99.0000000000 -99.0000000000 -99.0000000000
1981B 7.2672767639e+00 0.0263110548 0.0349494629 44672.6445000000 -9.9000000000e+01 -99.0000000000 -99.0000000000 -99.00 -9.9000000000e+01 -99.0000000000 -99.0000000000 -99.0000000000
1994S 5.5509674549e-01 0.5229036212 -0.1079639271 49518.7695000000 -9.9000000000e+01 -99.0000000000 -99.0000000000 -99.00 -9.9000000000e+01 -99.0000000000 -99.0000000000 -99.0000000000
2016W 2.2787059844e-01 -2.0717701912 0.0560206138 57417.7891000000 -9.9000000000e+01 -99.0000000000 -99.0000000000 -99.00 -9.9000000000e+01 -99.0000000000 -99.0000000000 -99.0000000000
2009kk 5.4280501604e-01 -1.2997783422 -0.0729655251 55126.8281000000 -9.9000000000e+01 -99.0000000000 -99.0000000000 -99.00 -9.9000000000e+01 -99.0000000000 -99.0000000000 -99.0000000000
1032 2.9333501589e-03 -1.9730180502 0.0446554869 53626.5273000000 -9.9000000000e+01 -99.0000000000 -99.0000000000 -99.00 -9.9000000000e+01 -99.0000000000 -99.0000000000 -99.0000000000
1990af 3.3041656017e-02 -1.5361367464 -0.0474378057 48195.9961000000 -9.9000000000e+01 -99.0000000000 -99.0000000000 -99.00 -9.9000000000e+01 -99.0000000000 -99.0000000000 -99.0000000000
1997E 3.6801734567e-01 -2.4142699242 0.1534945369 50468.5312000000 -9.9000000000e+01 -99.0000000000 -99.0000000000 -99.00 -9.9000000000e+01 -99.0000000000 -99.0000000000 -99.0000000000
10028 1.9625909626e-02 -0.1369126886 0.0145134013 53693.6490000000 -9.9000000000e+01 -99.0000000000 -99.0000000000 -99.00 -9.9000000000e+01 -99.0000000000 -99.0000000000 -99.0000000000
100090 1.6479757614e-03 -0.2124811858 0.0397401974 55506.3359000000 -9.9000000000e+01 -99.0000000000 -99.0000000000 -99.00 -9.9000000000e+01 -99.0000000000 -99.0000000000 -99.0000000000
2007A 2.4450151622e-01 0.7538254857 0.1249699369 54113.7617000000 -9.9000000000e+01 -99.0000000000 -99.0000000000 -99.00 -9.9000000000e+01 -99.0000000000 -99.0000000000 -99.0000000000
10010 7.9024964944e-03 0.4385168552 0.0157029927 55238.8945000000 -9.9000000000e+01 -99.0000000000 -99.0000000000 -99.00 -9.9000000000e+01 -99.0000000000 -99.0000000000 -99.0000000000
1248677 8.8995584520e-04 1.2096539736 -0.2144875228 56554.3203000000 -9.9000000000e+01 -99.0000000000 -99.0000000000 -99.00 -9.9000000000e+01 -99.0000000000 -99.0000000000 -99.0000000000
ASASSN-15bc 6.3984662294e-02 0.8510820270 0.0300329123 57047.8047000000 -9.9000000000e+01 -99.0000000000 -99.0000000000 -99.00 -9.9000000000e+01 -99.0000000000 -99.0000000000 -99.0000000000
2001V 7.0562016964e-01 0.7359683514 -0.0583374947 51973.9297000000 -9.9000000000e+01 -99.0000000000 -99.0000000000 -99.00 -9.9000000000e+01 -99.0000000000 -99.0000000000 -99.0000000000
2004ef 7.8506797552e-02 -2.0485095978 0.1846822947 53263.7812000000 -9.9000000000e+01 -99.0000000000 -99.0000000000 -99.00 -9.9000000000e+01 -99.0000000000 -99.0000000000 -99.0000000000
10 1.2393119978e-03 0.9208986163 0.0170239080 55215.3438000000 -9.9000000000e+01 -99.0000000000 -99.0000000000 -99.00 -9.9000000000e+01 -99.0000000000 -99.0000000000 -99.0000000000
1250017 3.5009272397e-03 0.8661201596 -0.1826254874 56553.9062000000 -9.9000000000e+01 -99.0000000000 -99.0000000000 -99.00 -9.9000000000e+01 -99.0000000000 -99.0000000000 -99.0000000000
03D1aw 1.7552814097e-04 0.8495807052 -0.0195624251 52902.8047000000 -9.9000000000e+01 -99.0000000000 -99.0000000000 -99.00 -9.9000000000e+01 -99.0000000000 -99.0000000000 -99.0000000000
03D1au 2.9720770544e-04 0.7475725412 -0.0246117245 52909.7344000000 -9.9000000000e+01 -99.0000000000 -99.0000000000 -99.00 -9.9000000000e+01 -99.0000000000 -99.0000000000 -99.0000000000
1981B 7.2672767639e+00 0.0263110548 0.0349494629 44672.6445000000 -9.9000000000e+01 -99.0000000000 -99.0000000000 -99.00 -9.9000000000e+01 -99.0000000000 -99.0000000000 -99.0000000000
1994S 5.5509674549e-01 0.5229036212 -0.1079639271 49518.7695000000 -9.9000000000e+01 -99.0000000000 -99.0000000000 -99.00 -9.9000000000e+01 -99.0000000000 -99.0000000000 -99.0000000000
2016W 2.2787059844e-01 -2.0717701912 0.0560206138 57417.7891000000 -9.9000000000e+01 -99.0000000000 -99.0000000000 -99.00 -9.9000000000e+01 -99.0000000000 -99.0000000000 -99.0000000000
2009kk 5.4280501604e-01 -1.2997783422 -0.0729655251 55126.8281000000 -9.9000000000e+01 -99.0000000000 -99.0000000000 -99.00 -9.9000000000e+01 -99.0000000000 -99.0000000000 -99.0000000000
1032 2.9333501589e-03 -1.9730180502 0.0446554869 53626.5273000000 -9.9000000000e+01 -99.0000000000 -99.0000000000 -99.00 -9.9000000000e+01 -99.0000000000 -99.0000000000 -99.0000000000
1990af 3.3041656017e-02 -1.5361367464 -0.0474378057 48195.9961000000 -9.9000000000e+01 -99.0000000000 -99.0000000000 -99.00 -9.9000000000e+01 -99.0000000000 -99.0000000000 -99.0000000000
1997E 3.6801734567e-01 -2.4142699242 0.1534945369 50468.5312000000 -9.9000000000e+01 -99.0000000000 -99.0000000000 -99.00 -9.9000000000e+01 -99.0000000000 -99.0000000000 -99.0000000000
10028 1.9625909626e-02 -0.1369126886 0.0145134013 53693.6490000000 -9.9000000000e+01 -99.0000000000 -99.0000000000 -99.00 -9.9000000000e+01 -99.0000000000 -99.0000000000 -99.0000000000
100090 1.6479757614e-03 -0.2124811858 0.0397401974 55506.3359000000 -9.9000000000e+01 -99.0000000000 -99.0000000000 -99.00 -9.9000000000e+01 -99.0000000000 -99.0000000000 -99.0000000000
2007A 2.4450151622e-01 0.7538254857 0.1249699369 54113.7617000000 -9.9000000000e+01 -99.0000000000 -99.0000000000 -99.00 -9.9000000000e+01 -99.0000000000 -99.0000000000 -99.0000000000
10010 7.9024964944e-03 0.4385168552 0.0157029927 55238.8945000000 -9.9000000000e+01 -99.0000000000 -99.0000000000 -99.00 -9.9000000000e+01 -99.0000000000 -99.0000000000 -99.0000000000
1248677 8.8995584520e-04 1.2096539736 -0.2144875228 56554.3203000000 -9.9000000000e+01 -99.0000000000 -99.0000000000 -99.00 -9.9000000000e+01 -99.0000000000 -99.0000000000 -99.0000000000
ASASSN-15bc 6.3984662294e-02 0.8510820270 0.0300329123 57047.8047000000 -9.9000000000e+01 -99.0000000000 -99.0000000000 -99.00 -9.9000000000e+01 -99.0000000000 -99.0000000000 -99.0000000000
2001V 7.0562016964e-01 0.7359683514 -0.0583374947 51973.9297000000 -9.9000000000e+01 -99.0000000000 -99.0000000000 -99.00 -9.9000000000e+01 -99.0000000000 -99.0000000000 -99.0000000000
2004ef 7.8506797552e-02 -2.0485095978 0.1846822947 53263.7812000000 -9.9000000000e+01 -99.0000000000 -99.0000000000 -99.00 -9.9000000000e+01 -99.0000000000 -99.0000000000 -99.0000000000
10 1.2393119978e-03 0.9208986163 0.0170239080 55215.3438000000 -9.9000000000e+01 -99.0000000000 -99.0000000000 -99.00 -9.9000000000e+01 -99.0000000000 -99.0000000000 -99.0000000000
1250017 3.5009272397e-03 0.8661201596 -0.1826254874 56553.9062000000 -9.9000000000e+01 -99.0000000000 -99.0000000000 -99.00 -9.9000000000e+01 -99.0000000000 -99.0000000000 -99.0000000000
03D1aw 1.7552814097e-04 0.8495807052 -0.0195624251 52902.8047000000 -9.9000000000e+01 -99.0000000000 -99.0000000000 -99.00 -9.9000000000e+01 -99.0000000000 -99.0000000000 -99.0000000000
03D1au 2.9720770544e-04 0.7475725412 -0.0246117245 52909.7344000000 -9.9000000000e+01 -99.0000000000 -99.0000000000 -99.00 -9.9000000000e+01 -99.0000000000 -99.0000000000 -99.0000000000
1981B 7.2672767639e+00 0.0263110548 0.0349494629 44672.6445000000 -9.9000000000e+01 -99.0000000000 -99.0000000000 -99.00 -9.9000000000e+01 -99.0000000000 -99.0000000000 -99.0000000000
1994S 5.5509674549e-01 0.5229036212 -0.1079639271 49518.7695000000 -9.9000000000e+01 -99.0000000000 -99.0000000000 -99.00 -9.9000000000e+01 -99.0000000000 -99.0000000000 -99.0000000000
2016W 2.2787059844e-01 -2.0717701912 0.0560206138 57417.7891000000 -9.9000000000e+01 -99.0000000000 -99.0000000000 -99.00 -9.9000000000e+01 -99.0000000000 -99.0000000000 -99.0000000000
2009kk 5.4280501604e-01 -1.2997783422 -0.0729655251 55126.8281000000 -9.9000000000e+01 -99.0000000000 -99.0000000000 -99.00 -9.9000000000e+01 -99.0000000000 -99.0000000000 -99.0000000000
1032 2.9333501589e-03 -1.9730180502 0.0446554869 53626.5273000000 -9.9000000000e+01 -99.0000000000 -99.0000000000 -99.00 -9.9000000000e+01 -99.0000000000 -99.0000000000 -99.0000000000
1990af 3.3041656017e-02 -1.5361367464 -0.0474378057 48195.9961000000 -9.9000000000e+01 -99.0000000000 -99.0000000000 -99.00 -9.9000000000e+01 -99.0000000000 -99.0000000000 -99.0000000000
1997E 3.6801734567e-01 -2.4142699242 0.1534945369 50468.5312000000 -9.9000000000e+01 -99.0000000000 -99.0000000000 -99.00 -9.9000000000e+01 -99.0000000000 -99.0000000000 -99.0000000000
10028 1.9625909626e-02 -0.1369126886 0.0145134013 53693.6490000000 -9.9000000000e+01 -99.0000000000 -99.0000000000 -99.00 -9.9000000000e+01 -99.0000000000 -99.0000000000 -99.0000000000
100090 1.6479757614e-03 -0.2124811858 0.0397401974 55506.3359000000 -9.9000000000e+01 -99.0000000000 -99.0000000000 -99.00 -9.9000000000e+01 -99.0000000000 -99.0000000000 -99.0000000000
2007A 2.4450151622e-01 0.7538254857 0.1249699369 54113.7617000000 -9.9000000000e+01 -99.0000000000 -99.0000000000 -99.00 -9.9000000000e+01 -99.0000000000 -99.0000000000 -99.0000000000
10010 7.9024964944e-03 0.4385168552 0.0157029927 55238.8945000000 -9.9000000000e+01 -99.0000000000 -99.0000000000 -99.00 -9.9000000000e+01 -99.0000000000 -99.0000000000 -99.0000000000
1248677 8.8995584520e-04 1.2096539736 -0.2144875228 56554.3203000000 -9.9000000000e+01 -99.0000000000 -99.0000000000 -99.00 -9.9000000000e+01 -99.0000000000 -99.0000000000 -99.0000000000
ASASSN-15bc 6.3984662294e-02 0.8510820270 0.0300329123 57047.8047000000 -9.9000000000e+01 -99.0000000000 -99.0000000000 -99.00 -9.9000000000e+01 -99.0000000000 -99.0000000000 -99.0000000000
2001V 7.0562016964e-01 0.7359683514 -0.0583374947 51973.9297000000 -9.9000000000e+01 -99.0000000000 -99.0000000000 -99.00 -9.9000000000e+01 -99.0000000000 -99.0000000000 -99.0000000000
2004ef 7.8506797552e-02 -2.0485095978 0.1846822947 53263.7812000000 -9.9000000000e+01 -99.0000000000 -99.0000000000 -99.00 -9.9000000000e+01 -99.0000000000 -99.0000000000 -99.0000000000
10 1.2393119978e-03 0.9208986163 0.0170239080 55215.3438000000 -9.9000000000e+01 -99.0000000000 -99.0000000000 -99.00 -9.9000000000e+01 -99.0000000000 -99.0000000000 -99.0000000000
1250017 3.5009272397e-03 0.8661201596 -0.1826254874 56553.9062000000 -9.9000000000e+01 -99.0000000000 -99.0000000000 -99.00 -9.9000000000e+01 -99.0000000000 -99.0000000000 -99.0000000000
03D1aw 1.7552814097e-04 0.8495807052 -0.0195624251 52902.8047000000 -9.9000000000e+01 -99.0000000000 -99.0000000000 -99.00 -9.9000000000e+01 -99.0000000000 -99.0000000000 -99.0000000000
03D1au 2.9720770544e-04 0.7475725412 -0.0246117245 52909.7344000000 -9.9000000000e+01 -99.0000000000 -99.0000000000 -99.00 -9.9000000000e+01 -99.0000000000 -99.0000000000 -99.0000000000
1981B 7.2672767639e+00 0.0263110548 0.0349494629 44672.6445000000 -9.9000000000e+01 -99.0000000000 -99.0000000000 -99.00 -9.9000000000e+01 -99.0000000000 -99.0000000000 -99.0000000000
1994S 5.5509674549e-01 0.5229036212 -0.1079639271 49518.7695000000 -9.9000000000e+01 -99.0000000000 -99.0000000000 -99.00 -9.9000000000e+01 -99.0000000000 -99.0000000000 -99.0000000000
2016W 2.2787059844e-01 -2.0717701912 0.0560206138 57417.7891000000 -9.9000000000e+01 -99.0000000000 -99.0000000000 -99.00 -9.9000000000e+01 -99.0000000000 -99.0000000000 -99.0000000000
2009kk 5.4280501604e-01 -1.2997783422 -0.0729655251 55126.8281000000 -9.9000000000e+01 -99.0000000000 -99.0000000000 -99.00 -9.9000000000e+01 -99.0000000000 -99.0000000000 -99.0000000000
1032 2.9333501589e-03 -1.9730180502 0.0446554869 53626.5273000000 -9.9000000000e+01 -99.0000000000 -99.0000000000 -99.00 -9.9000000000e+01 -99.0000000000 -99.0000000000 -99.0000000000
1990af 3.3041656017e-02 -1.5361367464 -0.0474378057 48195.9961000000 -9.9000000000e+01 -99.0000000000 -99.0000000000 -99.00 -9.9000000000e+01 -99.0000000000 -99.0000000000 -99.0000000000
1997E 3.6801734567e-01 -2.4142699242 0.1534945369 50468.5312000000 -9.9000000000e+01 -99.0000000000 -99.0000000000 -99.00 -9.9000000000e+01 -99.0000000000 -99.0000000000 -99.0000000000
10028 1.9625909626e-02 -0.1369126886 0.0145134013 53693.6490000000 -9.9000000000e+01 -99.0000000000 -99.0000000000 -99.00 -9.9000000000e+01 -99.0000000000 -99.0000000000 -99.0000000000
100090 1.6479757614e-03 -0.2124811858 0.0397401974 55506.3359000000 -9.9000000000e+01 -99.0000000000 -99.0000000000 -99.00 -9.9000000000e+01 -99.0000000000 -99.0000000000 -99.0000000000
2007A 2.4450151622e-01 0.7538254857 0.1249699369 54113.7617000000 -9.9000000000e+01 -99.0000000000 -99.0000000000 -99.00 -9.9000000000e+01 -99.0000000000 -99.0000000000 -99.0000000000
10010 7.9024964944e-03 0.4385168552 0.0157029927 55238.8945000000 -9.9000000000e+01 -99.0000000000 -99.0000000000 -99.00 -9.9000000000e+01 -99.0000000000 -99.0000000000 -99.0000000000
1248677 8.8995584520e-04 1.2096539736 -0.2144875228 56554.3203000000 -9.9000000000e+01 -99.0000000000 -99.0000000000 -99.00 -9.9000000000e+01 -99.0000000000 -99.0000000000 -99.0000000000
ASASSN-15bc 6.3984662294e-02 0.8510820270 0.0300329123 57047.8047000000 -9.9000000000e+01 -99.0000000000 -99.0000000000 -99.00 -9.9000000000e+01 -99.0000000000 -99.0000000000 -99.0000000000
2001V 7.0562016964e-01 0.7359683514 -0.0583374947 51973.9297000000 -9.9000000000e+01 -99.0000000000 -99.0000000000 -99.00 -9.9000000000e+01 -99.0000000000 -99.0000000000 -99.0000000000
2004ef 7.8506797552e-02 -2.0485095978 0.1846822947 53263.7812000000 -9.9000000000e+01 -99.0000000000 -99.0000000000 -99.00 -9.9000000000e+01 -99.0000000000 -99.0000000000 -99.0000000000
10 1.2393119978e-03 0.9208986163 0.0170239080 55215.3438000000 -9.9000000000e+01 -99.0000000000 -99.0000000000 -99.00 -9.9000000000e+01 -99.0000000000 -99.0000000000 -99.0000000000
1250017 3.5009272397e-03 0.8661201596 -0.1826254874 56553.9062000000 -9.9000000000e+01 -99.0000000000 -99.0000000000 -99.00 -9.9000000000e+01 -99.0000000000 -99.0000000000 -99.0000000000
03D1aw 1.7552814097e-04 0.8495807052 -0.0195624251 52902.8047000000 -9.9000000000e+01 -99.0000000000 -99.0000000000 -99.00 -9.9000000000e+01 -99.0000000000 -99.0000000000 -99.0000000000
03D1au 2.9720770544e-04 0.7475725412 -0.0246117245 52909.7344000000 -9.9000000000e+01 -99.0000000000 -99.0000000000 -99.00 -9.9000000000e+01 -99.0000000000 -99.0000000000 -99.0000000000
1981B 7.2672767639e+00 0.0263110548 0.0349494629 44672.6445000000 -9.9000000000e+01 -99.0000000000 -99.0000000000 -99.00 -9.9000000000e+01 -99.0000000000 -99.0000000000 -99.0000000000
1994S 5.5509674549e-01 0.5229036212 -0.1079639271 49518.7695000000 -9.9000000000e+01 -99.0000000000 -99.0000000000 -99.00 -9.9000000000e+01 -99.0000000000 -99.0000000000 -99.0000000000
2016W 2.2787059844e-01 -2.0717701912 0.0560206138 57417.7891000000 -9.9000000000e+01 -99.0000000000 -99.0000000000 -99.00 -9.9000000000e+01 -99.0000000000 -99.0000000000 -99.0000000000
2009kk 5.4280501604e-01 -1.2997783422 -0.0729655251 55126.8281000000 -9.9000000000e+01 -99.0000000000 -99.0000000000 -99.00 -9.9000000000e+01 -99.0000000000 -99.0000000000 -99.0000000000
1032 2.9333501589e-03 -1.9730180502 0.0446554869 53626.5273000000 -9.9000000000e+01 -99.0000000000 -99.0000000000 -99.00 -9.9000000000e+01 -99.0000000000 -99.0000000000 -99.0000000000
1990af 3.3041656017e-02 -1.5361367464 -0.0474378057 48195.9961000000 -9.9000000000e+01 -99.0000000000 -99.0000000000 -99.00 -9.9000000000e+01 -99.0000000000 -99.0000000000 -99.0000000000
1997E 3.6801734567e-01 -2.4142699242 0.1534945369 50468.5312000000 -9.9000000000e+01 -99.0000000000 -99.0000000000 -99.00 -9.9000000000e+01 -99.0000000000 -99.0000000000 -99.0000000000
10028 1.9625909626e-02 -0.1369126886 0.0145134013 53693.6490000000 -9.9000000000e+01 -99.0000000000 -99.0000000000 -99.00 -9.9000000000e+01 -99.0000000000 -99.0000000000 -99.0000000000
100090 1.6479757614e-03 -0.2124811858 0.0397401974 55506.3359000000 -9.9000000000e+01 -99.0000000000 -99.0000000000 -99.00 -9.9000000000e+01 -99.0000000000 -99.0000000000 -99.0000000000
2007A 2.4450151622e-01 0.7538254857 0.1249699369 54113.7617000000 -9.9000000000e+01 -99.0000000000 -99.0000000000 -99.00 -9.9000000000e+01 -99.0000000000 -99.0000000000 -99.0000000000
10010 7.9024964944e-03 0.4385168552 0.0157029927 55238.8945000000 -9.9000000000e+01 -99.0000000000 -99.0000000000 -99.00 -9.9000000000e+01 -99.0000000000 -99.0000000000 -99.0000000000
1248677 8.8995584520e-04 1.2096539736 -0.2144875228 56554.3203000000 -9.9000000000e+01 -99.0000000000 -99.0000000000 -99.00 -9.9000000000e+01 -99.0000000000 -99.0000000000 -99.0000000000
ASASSN-15bc 6.3984662294e-02 0.8510820270 0.0300329123 57047.8047000000 -9.9000000000e+01 -99.0000000000 -99.0000000000 -99.00 -9.9000000000e+01 -99.0000000000 -99.0000000000 -99.0000000000
2001V 7.0562016964e-01 0.7359683514 -0.0583374947 51973.9297000000 -9.9000000000e+01 -99.0000000000 -99.0000000000 -99.00 -9.9000000000e+01 -99.0000000000 -99.0000000000 -99.0000000000
2004ef 7.8506797552e-02 -2.0485095978 0.1846822947 53263.7812000000 -9.9000000000e+01 -99.0000000000 -99.0000000000 -99.00 -9.9000000000e+01 -99.0000000000 -99.0000000000 -99.0000000000
10 1.2393119978e-03 0.9208986163 0.0170239080 55215.3438000000 -9.9000000000e+01 -99.0000000000 -99.0000000000 -99.00 -9.9000000000e+01 -99.0000000000 -99.0000000000 -99.0000000000
1250017 3.5009272397e-03 0.8661201596 -0.1826254874 56553.9062000000 -9.9000000000e+01 -99.0000000000 -99.0000000000 -99.00 -9.9000000000e+01 -99.0000000000 -99.0000000000 -99.0000000000
03D1aw 1.7552814097e-04 0.8495807052 -0.0195624251 52902.8047000000 -9.9000000000e+01 -99.0000000000 -99.0000000000 -99.00 -9.9000000000e+01 -99.0000000000 -99.0000000000 -99.0000000000
03D1au 2.9720770544e-04 0.7475725412 -0.0246117245 52909.7344000000 -9.9000000000e+01 -99.0000000000 -99.0000000000 -99.00 -9.9000000000e+01 -99.0000000000 -99.0000000000 -99.0000000000
1981B 7.2672767639e+00 0.0263110548 0.0349494629 44672.6445000000 -9.9000000000e+01 -99.0000000000 -99.0000000000 -99.00 -9.9000000000e+01 -99.0000000000 -99.0000000000 -99.0000000000
1994S 5.5509674549e-01 0.5229036212 -0.1079639271 49518.7695000000 -9.9000000000e+01 -99.0000000000 -99.0000000000 -99.00 -9.9000000000e+01 -99.0000000000 -99.0000000000 -99.0000000000
2016W 2.2787059844e-01 -2.0717701912 0.0560206138 57417.7891000000 -9.9000000000e+01 -99.0000000000 -99.0000000000 -99.00 -9.9000000000e+01 -99.0000000000 -99.0000000000 -99.0000000000
2009kk 5.4280501604e-01 -1.2997783422 -0.0729655251 55126.8281000000 -9.9000000000e+01 -99.0000000000 -99.0000000000 -99.00 -9.9000000000e+01 -99.0000000000 -99.0000000000 -99.0000000000
1032 2.9333501589e-03 -1.9730180502 0.0446554869 53626.5273000000 -9.9000000000e+01 -99.0000000000 -99.0000000000 -99.00 -9.9000000000e+01 -99.0000000000 -99.0000000000 -99.0000000000
1990af 3.3041656017e-02 -1.5361367464 -0.0474378057 48195.9961000000 -9.9000000000e+01 -99.0000000000 -99.0000000000 -99.00 -9.9000000000e+01 -99.0000000000 -99.0000000000 -99.0000000000
1997E 3.6801734567e-01 -2.4142699242 0.1534945369 50468.5312000000 -9.9000000000e+01 -99.0000000000 -99.0000000000 -99.00 -9.9000000000e+01 -99.0000000000 -99.0000000000 -99.0000000000
10028 1.9625909626e-02 -0.1369126886 0.0145134013 53693.6490000000 -9.9000000000e+01 -99.0000000000 -99.0000000000 -99.00 -9.9000000000e+01 -99.0000000000 -99.0000000000 -99.0000000000
100090 1.6479757614e-03 -0.2124811858 0.0397401974 55506.3359000000 -9.9000000000e+01 -99.0000000000 -99.0000000000 -99.00 -9.9000000000e+01 -99.0000000000 -99.0000000000 -99.0000000000
2007A 2.4450151622e-01 0.7538254857 0.1249699369 54113.7617000000 -9.9000000000e+01 -99.0000000000 -99.0000000000 -99.00 -9.9000000000e+01 -99.0000000000 -99.0000000000 -99.0000000000
10010 7.9024964944e-03 0.4385168552 0.0157029927 55238.8945000000 -9.9000000000e+01 -99.0000000000 -99.0000000000 -99.00 -9.9000000000e+01 -99.0000000000 -99.0000000000 -99.0000000000
1248677 8.8995584520e-04 1.2096539736 -0.2144875228 56554.3203000000 -9.9000000000e+01 -99.0000000000 -99.0000000000 -99.00 -9.9000000000e+01 -99.0000000000 -99.0000000000 -99.0000000000
ASASSN-15bc 6.3984662294e-02 0.8510820270 0.0300329123 57047.8047000000 -9.9000000000e+01 -99.0000000000 -99.0000000000 -99.00 -9.9000000000e+01 -99.0000000000 -99.0000000000 -99.0000000000
2001V 7.0562016964e-01 0.7359683514 -0.0583374947 51973.9297000000 -9.9000000000e+01 -99.0000000000 -99.0000000000 -99.00 -9.9000000000e+01 -99.0000000000 -99.0000000000 -99.0000000000
2004ef 7.8506797552e-02 -2.0485095978 0.1846822947 53263.7812000000 -9.9000000000e+01 -99.0000000000 -99.0000000000 -99.00 -9.9000000000e+01 -99.0000000000 -99.0000000000 -99.0000000000
10 1.2393119978e-03 0.9208986163 0.0170239080 55215.3438000000 -9.9000000000e+01 -99.0000000000 -99.0000000000 -99.00 -9.9000000000e+01 -99.0000000000 -99.0000000000 -99.0000000000
1250017 3.5009272397e-03 0.8661201596 -0.1826254874 56553.9062000000 -9.9000000000e+01 -99.0000000000 -99.0000000000 -99.00 -9.9000000000e+01 -99.0000000000 -99.0000000000 -99.0000000000
03D1aw 1.7552814097e-04 0.8495807052 -0.0195624251 52902.8047000000 -9.9000000000e+01 -99.0000000000 -99.0000000000 -99.00 -9.9000000000e+01 -99.0000000000 -99.0000000000 -99.0000000000
03D1au 2.9720770544e-04 0.7475725412 -0.0246117245 52909.7344000000 -9.9000000000e+01 -99.0000000000 -99.0000000000 -99.00 -9.9000000000e+01 -99.0000000000 -99.0000000000 -99.0000000000
1981B 7.2672767639e+00 0.0263110548 0.0349494629 44672.6445000000 -9.9000000000e+01 -99.0000000000 -99.0000000000 -99.00 -9.9000000000e+01 -99.0000000000 -99.0000000000 -99.0000000000
1994S 5.5509674549e-01 0.5229036212 -0.1079639271 49518.7695000000 -9.9000000000e+01 -99.0000000000 -99.0000000000 -99.00 -9.9000000000e+01 -99.0000000000 -99.0000000000 -99.0000000000
2016W 2.2787059844e-01 -2.0717701912 0.0560206138 57417.7891000000 -9.9000000000e+01 -99.0000000000 -99.0000000000 -99.00 -9.9000000000e+01 -99.0000000000 -99.0000000000 -99.0000000000
2009kk 5.4280501604e-01 -1.2997783422 -0.0729655251 55126.8281000000 -9.9000000000e+01 -99.0000000000 -99.0000000000 -99.00 -9.9000000000e+01 -99.0000000000 -99.0000000000 -99.0000000000
1032 2.9333501589e-03 -1.9730180502 0.0446554869 53626.5273000000 -9.9000000000e+01 -99.0000000000 -99.0000000000 -99.00 -9.9000000000e+01 -99.0000000000 -99.0000000000 -99.0000000000
1990af 3.3041656017e-02 -1.5361367464 -0.0474378057 48195.9961000000 -9.9000000000e+01 -99.0000000000 -99.0000000000 -99.00 -9.9000000000e+01 -99.0000000000 -99.0000000000 -99.0000000000
1997E 3.6801734567e-01 -2.4142699242 0.1534945369 50468.5312000000 -9.9000000000e+01 -99.0000000000 -99.0000000000 -99.00 -9.9000000000e+01 -99.0000000000 -99.0000000000 -99.0000000000
10028 1.9625909626e-02 -0.1369126886 0.0145134013 53693.6490000000 -9.9000000000e+01 -99.0000000000 -99.0000000000 -99.00 -9.9000000000e+01 -99.0000000000 -99.0000000000 -99.0000000000
100090 1.6479757614e-03 -0.2124811858 0.0397401974 55506.3359000000 -9.9000000000e+01 -99.0000000000 -99.0000000000 -99.00 -9.9000000000e+01 -99.0000000000 -99.0000000000 -99.0000000000
2007A 2.4450151622e-01 0.7538254857 0.1249699369 54113.7617000000 -9.9000000000e+01 -99.0000000000 -99.0000000000 -99.00 -9.9000000000e+01 -99.0000000000 -99.0000000000 -99.0000000000
10010 7.9024964944e-03 0.4385168552 0.0157029927 55238.8945000000 -9.9000000000e+01 -99.0000000000 -99.0000000000 -99.00 -9.9000000000e+01 -99.0000000000 -99.0000000000 -99.0000000000
1248677 8.8995584520e-04 1.2096539736 -0.2144875228 56554.3203000000 -9.9000000000e+01 -99.0000000000 -99.0000000000 -99.00 -9.9000000000e+01 -99.0000000000 -99.0000000000 -99.0000000000
ASASSN-15bc 6.3984662294e-02 0.8510820270 0.0300329123 57047.8047000000 -9.9000000000e+01 -99.0000000000 -99.0000000000 -99.00 -9.9000000000e+01 -99.0000000000 -99.0000000000 -99.0000000000
2001V 7.0562016964e-01 0.7359683514 -0.0583374947 51973.9297000000 -9.9000000000e+01 -99.0000000000 -99.0000000000 -99.00 -9.9000000000e+01 -99.0000000000 -99.0000000000 -99.0000000000
2004ef 7.8506797552e-02 -2.0485095978 0.1846822947 53263.7812000000 -9.9000000000e+01 -99.0000000000 -99.0000000000 -99.00 -9.9000000000e+01 -99.0000000000 -99.0000000000 -99.0000000000
10 1.2393119978e-03 0.9208986163 0.0170239080 55215.3438000000 -9.9000000000e+01 -99.0000000000 -99.0000000000 -99.00 -9.9000000000e+01 -99.0000000000 -99.0000000000 -99.0000000000
1250017 3.5009272397e-03 0.8661201596 -0.1826254874 56553.9062000000 -9.9000000000e+01 -99.0000000000 -99.0000000000 -99.00 -9.9000000000e+01 -99.0000000000 -99.0000000000 -99.0000000000
03D1aw 1.7552814097e-04 0.8495807052 -0.0195624251 52902.8047000000 -9.9000000000e+01 -99.0000000000 -99.0000000000 -99.00 -9.9000000000e+01 -99.0000000000 -99.0000000000 -99.0000000000
03D1au 2.9720770544e-04 0.7475725412 -0.0246117245 52909.7344000000 -9.9000000000e+01 -99.0000000000 -99.0000000000 -99.00 -9.9000000000e+01 -99.0000000000 -99.0000000000 -99.0000000000
1981B 7.2672767639e+00 0.0263110548 0.0349494629 44672.6445000000 -9.9000000000e+01 -99.0000000000 -99.0000000000 -99.00 -9.9000000000e+01 -99.0000000000 -99.0000000000 -99.0000000000
1994S 5.5509674549e-01 0.5229036212 -0.1079639271 49518.7695000000 -9.9000000000e+01 -99.0000000000 -99.0000000000 -99.00 -9.9000000000e+01 -99.0000000000 -99.0000000000 -99.0000000000
2016W 2.2787059844e-01 -2.0717701912 0.0560206138 57417.7891000000 -9.9000000000e+01 -99.0000000000 -99.0000000000 -99.00 -9.9000000000e+01 -99.0000000000 -99.0000000000 -99.0000000000
2009kk 5.4280501604e-01 -1.2997783422 -0.0729655251 55126.8281000000 -9.9000000000e+01 -99.0000000000 -99.0000000000 -99.00 -9.9000000000e+01 -99.0000000000 -99.0000000000 -99.0000000000
1032 2.9333501589e-03 -1.9730180502 0.0446554869 53626.5273000000 -9.9000000000e+01 -99.0000000000 -99.0000000000 -99.00 -9.9000000000e+01 -99.0000000000 -99.0000000000 -99.0000000000
1990af 3.3041656017e-02 -1.5361367464 -0.0474378057 48195.9961000000 -9.9000000000e+01 -99.0000000000 -99.0000000000 -99.00 -9.9000000000e+01 -99.0000000000 -99.0000000000 -99.0000000000
1997E 3.6801734567e-01 -2.4142699242 0.1534945369 50468.5312000000 -9.9000000000e+01 -99.0000000000 -99.0000000000 -99.00 -9.9000000000e+01 -99.0000000000 -99.0000000000 -99.0000000000
10028 1.9625909626e-02 -0.1369126886 0.0145134013 53693.6490000000 -9.9000000000e+01 -99.0000000000 -99.0000000000 -99.00 -9.9000000000e+01 -99.0000000000 -99.0000000000 -99.0000000000
100090 1.6479757614e-03 -0.2124811858 0.0397401974 55506.3359000000 -9.9000000000e+01 -99.0000000000 -99.0000000000 -99.00 -9.9000000000e+01 -99.0000000000 -99.0000000000 -99.0000000000
2007A 2.4450151622e-01 0.7538254857 0.1249699369 54113.7617000000 -9.9000000000e+01 -99.0000000000 -99.0000000000 -99.00 -9.9000000000e+01 -99.0000000000 -99.0000000000 -99.0000000000
10010 7.9024964944e-03 0.4385168552 0.0157029927 55238.8945000000 -9.9000000000e+01 -99.0000000000 -99.0000000000 -99.00 -9.9000000000e+01 -99.0000000000 -99.0000000000 -99.0000000000
1248677 8.8995584520e-04 1.2096539736 -0.2144875228 56554.3203000000 -9.9000000000e+01 -99.0000000000 -99.0000000000 -99.00 -9.9000000000e+01 -99.0000000000 -99.0000000000 -99.0000000000
ASASSN-15bc 6.3984662294e-02 0.8510820270 0.0300329123 57047.8047000000 -9.9000000000e+01 -99.0000000000 -99.0000000000 -99.00 -9.9000000000e+01 -99.0000000000 -99.0000000000 -99.0000000000
2001V 7.0562016964e-01 0.7359683514 -0.0583374947 51973.9297000000 -9.9000000000e+01 -99.0000000000 -99.0000000000 -99.00 -9.9000000000e+01 -99.0000000000 -99.0000000000 -99.0000000000
2004ef 7.8506797552e-02 -2.0485095978 0.1846822947 53263.7812000000 -9.9000000000e+01 -99.0000000000 -99.0000000000 -99.00 -9.9000000000e+01 -99.0000000000 -99.0000000000 -99.0000000000
10 1.2393119978e-03 0.9208986163 0.0170239080 55215.3438000000 -9.9000000000e+01 -99.0000000000 -99.0000000000 -99.00 -9.9000000000e+01 -99.0000000000 -99.0000000000 -99.0000000000
1250017 3.5009272397e-03 0.8661201596 -0.1826254874 56553.9062000000 -9.9000000000e+01 -99.0000000000 -99.0000000000 -99.00 -9.9000000000e+01 -99.0000000000 -99.0000000000 -99.0000000000
03D1aw 1.7552814097e-04 0.8495807052 -0.0195624251 52902.8047000000 -9.9000000000e+01 -99.0000000000 -99.0000000000 -99.00 -9.9000000000e+01 -99.0000000000 -99.0000000000 -99.0000000000
03D1au 2.9720770544e-04 0.7475725412 -0.0246117245 52909.7344000000 -9.9000000000e+01 -99.0000000000 -99.0000000000 -99.00 -9.9000000000e+01 -99.0000000000 -99.0000000000 -99.0000000000
1981B 7.2672767639e+00 0.0263110548 0.0349494629 44672.6445000000 -9.9000000000e+01 -99.0000000000 -99.0000000000 -99.00 -9.9000000000e+01 -99.0000000000 -99.0000000000 -99.0000000000
1994S 5.5509674549e-01 0.5229036212 -0.1079639271 49518.7695000000 -9.9000000000e+01 -99.0000000000 -99.0000000000 -99.00 -9.9000000000e+01 -99.0000000000 -99.0000000000 -99.0000000000
2016W 2.2787059844e-01 -2.0717701912 0.0560206138 57417.7891000000 -9.9000000000e+01 -99.0000000000 -99.0000000000 -99.00 -9.9000000000e+01 -99.0000000000 -99.0000000000 -99.0000000000
2009kk 5.4280501604e-01 -1.2997783422 -0.0729655251 55126.8281000000 -9.9000000000e+01 -99.0000000000 -99.0000000000 -99.00 -9.9000000000e+01 -99.0000000000 -99.0000000000 -99.0000000000
1032 2.9333501589e-03 -1.9730180502 0.0446554869 53626.5273000000 -9.9000000000e+01 -99.0000000000 -99.0000000000 -99.00 -9.9000000000e+01 -99.0000000000 -99.0000000000 -99.0000000000
1990af 3.3041656017e-02 -1.5361367464 -0.0474378057 48195.9961000000 -9.9000000000e+01 -99.0000000000 -99.0000000000 -99.00 -9.9000000000e+01 -99.0000000000 -99.0000000000 -99.0000000000
1997E 3.6801734567e-01 -2.4142699242 0.1534945369 50468.5312000000 -9.9000000000e+01 -99.0000000000 -99.0000000000 -99.00 -9.9000000000e+01 -99.0000000000 -99.0000000000 -99.0000000000
10028 1.9625909626e-02 -0.1369126886 0.0145134013 53693.6490000000 -9.9000000000e+01 -99.0000000000 -99.0000000000 -99.00 -9.9000000000e+01 -99.0000000000 -99.0000000000 -99.0000000000
100090 1.6479757614e-03 -0.2124811858 0.0397401974 55506.3359000000 -9.9000000000e+01 -99.0000000000 -99.0000000000 -99.00 -9.9000000000e+01 -99.0000000000 -99.0000000000 -99.0000000000
2007A 2.4450151622e-01 0.7538254857 0.1249699369 54113.7617000000 -9.9000000000e+01 -99.0000000000 -99.0000000000 -99.00 -9.9000000000e+01 -99.0000000000 -99.0000000000 -99.0000000000
10010 7.9024964944e-03 0.4385168552 0.0157029927 55238.8945000000 -9.9000000000e+01 -99.0000000000 -99.0000000000 -99.00 -9.9000000000e+01 -99.0000000000 -99.0000000000 -99.0000000000
1248677 8.8995584520e-04 1.2096539736 -0.2144875228 56554.3203000000 -9.9000000000e+01 -99.0000000000 -99.0000000000 -99.00 -9.9000000000e+01 -99.0000000000 -99.0000000000 -99.0000000000
ASASSN-15bc 6.3984662294e-02 0.8510820270 0.0300329123 57047.8047000000 -9.9000000000e+01 -99.0000000000 -99.0000000000 -99.00 -9.9000000000e+01 -99.0000000000 -99.0000000000 -99.0000000000
2001V 7.0562016964e-01 0.7359683514 -0.0583374947 51973.9297000000 -9.9000000000e+01 -99.0000000000 -99.0000000000 -99.00 -9.9000000000e+01 -99.0000000000 -99.0000000000 -99.0000000000
2004ef 7.8506797552e-02 -2.0485095978 0.1846822947 53263.7812000000 -9.9000000000e+01 -99.0000000000 -99.0000000000 -99.00 -9.9000000000e+01 -99.0000000000 -99.0000000000 -99.0000000000
10 1.2393119978e-03 0.9208986163 0.0170239080 55215.3438000000 -9.9000000000e+01 -99.0000000000 -99.0000000000 -99.00 -9.9000000000e+01 -99.0000000000 -99.0000000000 -99.0000000000
1250017 3.5009272397e-03 0.8661201596 -0.1826254874 56553.9062000000 -9.9000000000e+01 -99.0000000000 -99.0000000000 -99.00 -9.9000000000e+01 -99.0000000000 -99.0000000000 -99.0000000000
03D1aw 1.7552814097e-04 0.8495807052 -0.0195624251 52902.8047000000 -9.9000000000e+01 -99.0000000000 -99.0000000000 -99.00 -9.9000000000e+01 -99.0000000000 -99.0000000000 -99.0000000000
03D1au 2.9720770544e-04 0.7475725412 -0.0246117245 52909.7344000000 -9.9000000000e+01 -99.0000000000 -99.0000000000 -99.00 -9.9000000000e+01 -99.0000000000 -99.0000000000 -99.0000000000
1981B 7.2672767639e+00 0.0263110548 0.0349494629 44672.6445000000 -9.9000000000e+01 -99.0000000000 -99.0000000000 -99.00 -9.9000000000e+01 -99.0000000000 -99.0000000000 -99.0000000000
1994S 5.5509674549e-01 0.5229036212 -0.1079639271 49518.7695000000 -9.9000000000e+01 -99.0000000000 -99.0000000000 -99.00 -9.9000000000e+01 -99.0000000000 -99.0000000000 -99.0000000000
2016W 2.2787059844e-01 -2.0717701912 0.0560206138 57417.7891000000 -9.9000000000e+01 -99.0000000000 -99.0000000000 -99.00 -9.9000000000e+01 -99.0000000000 -99.0000000000 -99.0000000000
2009kk 5.4280501604e-01 -1.2997783422 -0.0729655251 55126.8281000000 -9.9000000000e+01 -99.0000000000 -99.0000000000 -99.00 -9.9000000000e+01 -99.0000000000 -99.0000000000 -99.0000000000
1032 2.9333501589e-03 -1.9730180502 0.0446554869 53626.5273000000 -9.9000000000e+01 -99.0000000000 -99.0000000000 -99.00 -9.9000000000e+01 -99.0000000000 -99.0000000000 -99.0000000000
1990af 3.3041656017e-02 -1.5361367464 -0.0474378057 48195.9961000000 -9.9000000000e+01 -99.0000000000 -99.0000000000 -99.00 -9.9000000000e+01 -99.0000000000 -99.0000000000 -99.0000000000
1997E 3.6801734567e-01 -2.4142699242 0.1534945369 50468.5312000000 -9.9000000000e+01 -99.0000000000 -99.0000000000 -99.00 -9.9000000000e+01 -99.0000000000 -99.0000000000 -99.0000000000
10028 1.9625909626e-02 -0.1369126886 0.0145134013 53693.6490000000 -9.9000000000e+01 -99.0000000000 -99.0000000000 -99.00 -9.9000000000e+01 -99.0000000000 -99.0000000000 -99.0000000000
100090 1.6479757614e-03 -0.2124811858 0.0397401974 55506.3359000000 -9.9000000000e+01 -99.0000000000 -99.0000000000 -99.00 -9.9000000000e+01 -99.0000000000 -99.0000000000 -99.0000000000
2007A 2.4450151622e-01 0.7538254857 0.1249699369 54113.7617000000 -9.9000000000e+01 -99.0000000000 -99.0000000000 -99.00 -9.9000000000e+01 -99.0000000000 -99.0000000000 -99.0000000000
10010 7.9024964944e-03 0.4385168552 0.0157029927 55238.8945000000 -9.9000000000e+01 -99.0000000000 -99.0000000000 -99.00 -9.9000000000e+01 -99.0000000000 -99.0000000000 -99.0000000000
1248677 8.8995584520e-04 1.2096539736 -0.2144875228 56554.3203000000 -9.9000000000e+01 -99.0000000000 -99.0000000000 -99.00 -9.9000000000e+01 -99.0000000000 -99.0000000000 -99.0000000000
ASASSN-15bc 6.3984662294e-02 0.8510820270 0.0300329123 57047.8047000000 -9.9000000000e+01 -99.0000000000 -99.0000000000 -99.00 -9.9000000000e+01 -99.0000000000 -99.0000000000 -99.0000000000
2001V 7.0562016964e-01 0.7359683514 -0.0583374947 51973.9297000000 -9.9000000000e+01 -99.0000000000 -99.0000000000 -99.00 -9.9000000000e+01 -99.0000000000 -99.0000000000 -99.0000000000
2004ef 7.8506797552e-02 -2.0485095978 0.1846822947 53263.7812000000 -9.9000000000e+01 -99.0000000000 -99.0000000000 -99.00 -9.9000000000e+01 -99.0000000000 -99.0000000000 -99.0000000000
10 1.2393119978e-03 0.9208986163 0.0170239080 55215.3438000000 -9.9000000000e+01 -99.0000000000 -99.0000000000 -99.00 -9.9000000000e+01 -99.0000000000 -99.0000000000 -99.0000000000
1250017 3.5009272397e-03 0.8661201596 -0.1826254874 56553.9062000000 -9.9000000000e+01 -99.0000000000 -99.0000000000 -99.00 -9.9000000000e+01 -99.0000000000 -99.0000000000 -99.0000000000
03D1aw 1.7552814097e-04 0.8495807052 -0.0195624251 52902.8047000000 -9.9000000000e+01 -99.0000000000 -99.0000000000 -99.00 -9.9000000000e+01 -99.0000000000 -99.0000000000 -99.0000000000
03D1au 2.9720770544e-04 0.7475725412 -0.0246117245 52909.7344000000 -9.9000000000e+01 -99.0000000000 -99.0000000000 -99.00 -9.9000000000e+01 -99.0000000000 -99.0000000000 -99.0000000000
1981B 7.2672767639e+00 0.0263110548 0.0349494629 44672.6445000000 -9.9000000000e+01 -99.0000000000 -99.0000000000 -99.00 -9.9000000000e+01 -99.0000000000 -99.0000000000 -99.0000000000
1994S 5.5509674549e-01 0.5229036212 -0.1079639271 49518.7695000000 -9.9000000000e+01 -99.0000000000 -99.0000000000 -99.00 -9.9000000000e+01 -99.0000000000 -99.0000000000 -99.0000000000
2016W 2.2787059844e-01 -2.0717701912 0.0560206138 57417.7891000000 -9.9000000000e+01 -99.0000000000 -99.0000000000 -99.00 -9.9000000000e+01 -99.0000000000 -99.0000000000 -99.0000000000
2009kk 5.4280501604e-01 -1.2997783422 -0.0729655251 55126.8281000000 -9.9000000000e+01 -99.0000000000 -99.0000000000 -99.00 -9.9000000000e+01 -99.0000000000 -99.0000000000 -99.0000000000
1032 2.9333501589e-03 -1.9730180502 0.0446554869 53626.5273000000 -9.9000000000e+01 -99.0000000000 -99.0000000000 -99.00 -9.9000000000e+01 -99.0000000000 -99.0000000000 -99.0000000000
1990af 3.3041656017e-02 -1.5361367464 -0.0474378057 48195.9961000000 -9.9000000000e+01 -99.0000000000 -99.0000000000 -99.00 -9.9000000000e+01 -99.0000000000 -99.0000000000 -99.0000000000
1997E 3.6801734567e-01 -2.4142699242 0.1534945369 50468.5312000000 -9.9000000000e+01 -99.0000000000 -99.0000000000 -99.00 -9.9000000000e+01 -99.0000000000 -99.0000000000 -99.0000000000
10028 1.9625909626e-02 -0.1369126886 0.0145134013 53693.6490000000 -9.9000000000e+01 -99.0000000000 -99.0000000000 -99.00 -9.9000000000e+01 -99.0000000000 -99.0000000000 -99.0000000000
100090 1.6479757614e-03 -0.2124811858 0.0397401974 55506.3359000000 -9.9000000000e+01 -99.0000000000 -99.0000000000 -99.00 -9.9000000000e+01 -99.0000000000 -99.0000000000 -99.0000000000
2007A 2.4450151622e-01 0.7538254857 0.1249699369 54113.7617000000 -9.9000000000e+01 -99.0000000000 -99.0000000000 -99.00 -9.9000000000e+01 -99.0000000000 -99.0000000000 -99.0000000000
10010 7.9024964944e-03 0.4385168552 0.0157029927 55238.8945000000 -9.9000000000e+01 -99.0000000000 -99.0000000000 -99.00 -9.9000000000e+01 -99.0000000000 -99.0000000000 -99.0000000000
1248677 8.8995584520e-04 1.2096539736 -0.2144875228 56554.3203000000 -9.9000000000e+01 -99.0000000000 -99.0000000000 -99.00 -9.9000000000e+01 -99.0000000000 -99.0000000000 -99.0000000000
ASASSN-15bc 6.3984662294e-02 0.8510820270 0.0300329123 57047.8047000000 -9.9000000000e+01 -99.0000000000 -99.0000000000 -99.00 -9.9000000000e+01 -99.0000000000 -99.0000000000 -99.0000000000
2001V 7.0562016964e-01 0.7359683514 -0.0583374947 51973.9297000000 -9.9000000000e+01 -99.0000000000 -99.0000000000 -99.00 -9.9000000000e+01 -99.0000000000 -99.0000000000 -99.0000000000
2004ef 7.8506797552e-02 -2.0485095978 0.1846822947 53263.7812000000 -9.9000000000e+01 -99.0000000000 -99.0000000000 -99.00 -9.9000000000e+01 -99.0000000000 -99.0000000000 -99.0000000000
10 1.2393119978e-03 0.9208986163 0.0170239080 55215.3438000000 -9.9000000000e+01 -99.0000000000 -99.0000000000 -99.00 -9.9000000000e+01 -99.0000000000 -99.0000000000 -99.0000000000
