2000.00 1.000000000000000e+00
2010.00 1.000000000000000e+00
2020.00 1.000000000000000e+00
2030.00 1.000000000000000e+00
2040.00 1.000000000000000e+00
2050.00 1.000000000000000e+00
2060.00 1.000000000000000e+00
2070.00 1.000000000000000e+00
2080.00 1.000000000000000e+00
2090.00 1.000000000000000e+00
2100.00 1.000000000000000e+00
2110.00 1.000000000000000e+00
2120.00 1.000000000000000e+00
2130.00 1.000000000000000e+00
2140.00 1.000000000000000e+00
2150.00 1.000000000000000e+00
2160.00 1.000000000000000e+00
2170.00 1.000000000000000e+00
2180.00 1.000000000000000e+00
2190.00 1.000000000000000e+00
2200.00 1.000000000000000e+00
2210.00 1.000000000000000e+00
2220.00 1.000000000000000e+00
2230.00 1.000000000000000e+00
2240.00 1.000000000000000e+00
2250.00 1.000000000000000e+00
2260.00 1.000000000000000e+00
2270.00 1.000000000000000e+00
2280.00 1.000000000000000e+00
2290.00 1.000000000000000e+00
2300.00 1.000000000000000e+00
2310.00 1.000000000000000e+00
2320.00 1.000000000000000e+00
2330.00 1.000000000000000e+00
2340.00 1.000000000000000e+00
2350.00 1.000000000000000e+00
2360.00 1.000000000000000e+00
2370.00 1.000000000000000e+00
2380.00 1.000000000000000e+00
2390.00 1.000000000000000e+00
2400.00 1.000000000000000e+00
2410.00 1.000000000000000e+00
2420.00 1.000000000000000e+00
2430.00 1.000000000000000e+00
2440.00 1.000000000000000e+00
2450.00 1.000000000000000e+00
2460.00 1.000000000000000e+00
2470.00 1.000000000000000e+00
2480.00 1.000000000000000e+00
2490.00 1.000000000000000e+00
2500.00 1.000000000000000e+00
2510.00 1.000000000000000e+00
2520.00 1.000000000000000e+00
2530.00 1.000000000000000e+00
2540.00 1.000000000000000e+00
2550.00 1.000000000000000e+00
2560.00 1.000000000000000e+00
2570.00 1.000000000000000e+00
2580.00 1.000000000000000e+00
2590.00 1.000000000000000e+00
2600.00 1.000000000000000e+00
2610.00 1.000000000000000e+00
2620.00 1.000000000000000e+00
2630.00 1.000000000000000e+00
2640.00 1.000000000000000e+00
2650.00 1.000000000000000e+00
2660.00 1.000000000000000e+00
2670.00 1.000000000000000e+00
2680.00 1.000000000000000e+00
2690.00 1.000000000000000e+00
2700.00 1.000000000000000e+00
2710.00 1.000000000000000e+00
2720.00 1.000000000000000e+00
2730.00 1.000000000000000e+00
2740.00 1.000000000000000e+00
2750.00 1.000000000000000e+00
2760.00 1.000000000000000e+00
2770.00 1.000000000000000e+00
2780.00 1.000000000000000e+00
2790.00 1.000000000000000e+00
2800.00 1.000000000000000e+00
2810.00 1.000000000000000e+00
2820.00 1.000000000000000e+00
2830.00 1.000000000000000e+00
2840.00 1.000000000000000e+00
2850.00 1.000000000000000e+00
2860.00 1.000000000000000e+00
2870.00 1.000000000000000e+00
2880.00 1.000000000000000e+00
2890.00 1.000000000000000e+00
2900.00 1.000000000000000e+00
2910.00 1.000000000000000e+00
2920.00 1.000000000000000e+00
2930.00 1.000000000000000e+00
2940.00 1.000000000000000e+00
2950.00 1.000000000000000e+00
2960.00 1.000000000000000e+00
2970.00 1.000000000000000e+00
2980.00 1.000000000000000e+00
2990.00 1.000000000000000e+00
3000.00 1.000000000000000e+00
3010.00 1.000000000000000e+00
3020.00 1.000000000000000e+00
3030.00 1.000000000000000e+00
3040.00 9.706719174893793e-01
3050.00 8.977437035084886e-01
3060.00 8.311797761720082e-01
3070.00 7.703652573180363e-01
3080.00 7.147496735153047e-01
3090.00 6.638397405915781e-01
3100.00 6.171930047327931e-01
3110.00 5.744122331525935e-01
3120.00 5.351404613206129e-01
3130.00 4.990566158210363e-01
3140.00 4.658716423597510e-01
3150.00 4.353250774793395e-01
3160.00 4.071820103724401e-01
3170.00 3.812303879741377e-01
3180.00 3.572786224065465e-01
3190.00 3.351534649673370e-01
3200.00 3.146981153039971e-01
3210.00 2.957705382882149e-01
3220.00 2.782419644776476e-01
3230.00 2.619955529927847e-01
3240.00 2.469251982021819e-01
3250.00 2.329344638499167e-01
3260.00 2.199356302174680e-01
3270.00 2.078488416254571e-01
3280.00 1.966013430807179e-01
3290.00 1.861267961886596e-01
3300.00 1.763646656037887e-01
3310.00 1.672596683032225e-01
3320.00 1.587612788570993e-01
3330.00 1.508232846514531e-01
3340.00 1.434033857070051e-01
3350.00 1.364628343430748e-01
3360.00 1.299661104697633e-01
3370.00 1.238806287625122e-01
3380.00 1.181764743889299e-01
3390.00 1.128261643250835e-01
3400.00 1.078044316232557e-01
3410.00 1.030880302805397e-01
3420.00 9.865555861214824e-02
3430.00 9.448729925884501e-02
3440.00 9.056507415794110e-02
3450.00 8.687211298482608e-02
3460.00 8.339293372970639e-02
3470.00 8.011323421437898e-02
3480.00 7.701979347856368e-02
3490.00 7.410038207629865e-02
3500.00 7.134368042178432e-02
3510.00 6.873920441219332e-02
3520.00 6.627723763360421e-02
3530.00 6.394876952640280e-02
3540.00 6.174543894920814e-02
3550.00 5.965948263643916e-02
3560.00 5.768368809478725e-02
3570.00 5.581135052875425e-02
3580.00 5.403623342563223e-02
3590.00 5.235253246635243e-02
3600.00 5.075484246096536e-02
3610.00 4.923812703654435e-02
3620.00 4.779769083137181e-02
3630.00 4.642915397270188e-02
3640.00 4.512842863646582e-02
3650.00 4.389169750625248e-02
3660.00 4.271539396597238e-02
3670.00 4.159618387600532e-02
3680.00 4.053094879650461e-02
3690.00 3.951677053404966e-02
3700.00 3.855091689914034e-02
3710.00 3.763082857223371e-02
3720.00 3.675410698525150e-02
3730.00 3.591850313383065e-02
3740.00 3.512190724314196e-02
3750.00 3.436233921693836e-02
3760.00 3.363793980569053e-02
3770.00 3.294696243528347e-02
3780.00 3.228776564284186e-02
3790.00 3.165880607087521e-02
3800.00 3.105863197513316e-02
3810.00 3.048587720537566e-02
3820.00 2.993925562173100e-02
3830.00 2.941755591246984e-02
3840.00 2.891963678189478e-02
3850.00 2.844442247965882e-02
3860.00 2.799089864521000e-02
3870.00 2.755810844322974e-02
3880.00 2.714514896791421e-02
3890.00 2.675116789575557e-02
3900.00 2.637536036813053e-02
3910.00 2.601696608651143e-02
3920.00 2.567526660449343e-02
3930.00 2.534958280209175e-02
3940.00 2.503927252891618e-02
3950.00 2.474372840388514e-02
3960.00 2.446237576010958e-02
3970.00 2.419467072446159e-02
3980.00 2.394009842215563e-02
3990.00 2.369817129741529e-02
4000.00 2.346842754198163e-02
4010.00 2.325042962384721e-02
4020.00 2.304376290917647e-02
4030.00 2.284803437090288e-02
4040.00 2.266287137798026e-02
4050.00 2.248792055971437e-02
4060.00 2.232284674001257e-02
4070.00 2.216733193676953e-02
4080.00 2.202107442195670e-02
4090.00 2.188378783830544e-02
4100.00 2.175520036877087e-02
4110.00 2.163505395523790e-02
4120.00 2.152310356318377e-02
4130.00 2.141911648924455e-02
4140.00 2.132287170884978e-02
4150.00 2.123415926128759e-02
4160.00 2.115277966974793e-02
4170.00 2.107854339406141e-02
4180.00 2.101127031400920e-02
4190.00 2.095078924122542e-02
4200.00 2.089693745784869e-02
4210.00 2.084956028020483e-02
4220.00 2.080851064591880e-02
4230.00 2.077364872296159e-02
4240.00 2.074484153923820e-02
4250.00 2.072196263141496e-02
4260.00 2.070489171177093e-02
4270.00 2.069351435193847e-02
4280.00 2.068772168247193e-02
4290.00 2.068741010725291e-02
4300.00 2.069248103180521e-02
4310.00 2.070284060465191e-02
4320.00 2.071839947090361e-02
4330.00 2.073907253731824e-02
4340.00 2.076477874812198e-02
4350.00 2.079544087092562e-02
4360.00 2.083098529211339e-02
4370.00 2.087134182112039e-02
4380.00 2.091644350305192e-02
4390.00 2.096622643913252e-02
4400.00 2.102062961450464e-02
4410.00 2.107959473292729e-02
4420.00 2.114306605795323e-02
4430.00 2.121099026019002e-02
4440.00 2.128331627027492e-02
4450.00 2.135999513721735e-02
4460.00 2.144097989178432e-02
4470.00 2.152622541462533e-02
4480.00 2.161568830885220e-02
4490.00 2.170932677680830e-02
4500.00 2.180710050077829e-02
4510.00 2.190897052740644e-02
4520.00 2.201489915560651e-02
4530.00 2.212484982776113e-02
4540.00 2.223878702402222e-02
4550.00 2.235667615953730e-02
4560.00 2.247848348443846e-02
4570.00 2.260417598644337e-02
4580.00 2.273372129592782e-02
4590.00 2.286708759334091e-02
4600.00 2.300424351884356e-02
4610.00 2.314515808406066e-02
4620.00 2.328980058584678e-02
4630.00 2.343814052197354e-02
4640.00 2.359014750865575e-02
4650.00 2.374579119984084e-02
4660.00 2.390504120819432e-02
4670.00 2.406786702772077e-02
4680.00 2.423423795796757e-02
4690.00 2.440412302976446e-02
4700.00 2.457749093245950e-02
4710.00 2.475430994261702e-02
4720.00 2.493454785415032e-02
4730.00 2.511817190986645e-02
4740.00 2.530514873440675e-02
4750.00 2.549544426857148e-02
4760.00 2.568902370502228e-02
4770.00 2.588585142536076e-02
4780.00 2.608589093858635e-02
4790.00 2.628910482094083e-02
4800.00 2.649545465715118e-02
4810.00 2.670490098308659e-02
4820.00 2.691740322984919e-02
4830.00 2.713291966932161e-02
4840.00 2.735140736119839e-02
4850.00 2.757282210153097e-02
4860.00 2.779711837281965e-02
4870.00 2.802424929568851e-02
4880.00 2.825416658218213e-02
4890.00 2.848682049072560e-02
4900.00 2.872215978279148e-02
4910.00 2.896013168131980e-02
4920.00 2.920068183093912e-02
4930.00 2.944375426003826e-02
4940.00 2.968929134474035e-02
4950.00 2.993723377483192e-02
4960.00 3.018752052170107e-02
4970.00 3.044008880833986e-02
4980.00 3.069487408146693e-02
4990.00 3.095180998582664e-02
5000.00 3.121082834072184e-02
5010.00 3.147185911883740e-02
5020.00 3.173483042741146e-02
5030.00 3.199966849181152e-02
5040.00 3.226629764157151e-02
5050.00 3.253464029894584e-02
5060.00 3.280461697003527e-02
5070.00 3.307614623853817e-02
5080.00 3.334914476217987e-02
5090.00 3.362352727187088e-02
5100.00 3.389920657364304e-02
5110.00 3.417609355341079e-02
5120.00 3.445409718460247e-02
5130.00 3.473312453870403e-02
5140.00 3.501308079875520e-02
5150.00 3.529386927583465e-02
5160.00 3.557539142856850e-02
5170.00 3.585754688569241e-02
5180.00 3.614023347169439e-02
5190.00 3.642334723556188e-02
5200.00 3.670678248265247e-02
5210.00 3.699043180970354e-02
5220.00 3.727418614299228e-02
5230.00 3.755793477965252e-02
5240.00 3.784156543215053e-02
5250.00 3.812496427591722e-02
5260.00 3.840801600012891e-02
5270.00 3.869060386162415e-02
5280.00 3.897260974193877e-02
5290.00 3.925391420743551e-02
5300.00 3.953439657250032e-02
5310.00 3.981393496577030e-02
5320.00 4.009240639935416e-02
5330.00 4.036968684099920e-02
5340.00 4.064565128915380e-02
5350.00 4.092017385086824e-02
5360.00 4.119312782247081e-02
5370.00 4.146438577295061e-02
5380.00 4.173381962997216e-02
5390.00 4.200130076844135e-02
5400.00 4.226670010153653e-02
5410.00 4.252988817411230e-02
5420.00 4.279073525837824e-02
5430.00 4.304911145174913e-02
5440.00 4.330488677675753e-02
5450.00 4.355793128291383e-02
5460.00 4.380811515039446e-02
5470.00 4.405530879543257e-02
5480.00 4.429938297728156e-02
5490.00 4.454020890661597e-02
5500.00 4.477765835523063e-02
5510.00 4.501160376689332e-02
5520.00 4.524191836920317e-02
5530.00 4.546847628630182e-02
5540.00 4.569115265228173e-02
5550.00 4.590982372513162e-02
5560.00 4.612436700105619e-02
5570.00 4.633466132900454e-02
5580.00 4.654058702523867e-02
5590.00 4.674202598777141e-02
5600.00 4.693886181050107e-02
5610.00 4.713097989686836e-02
5620.00 4.731826757286001e-02
5630.00 4.750061419918264e-02
5640.00 4.767791128242931e-02
5650.00 4.785005258506177e-02
5660.00 4.801693423403103e-02
5670.00 4.817845482785950e-02
5680.00 4.833451554200913e-02
5690.00 4.848502023236097e-02
5700.00 4.862987553663359e-02
5710.00 4.876899097356950e-02
5720.00 4.890227903972181e-02
5730.00 4.902965530367532e-02
5740.00 4.915103849754052e-02
5750.00 4.926635060556166e-02
5760.00 4.937551694968487e-02
5770.00 4.947846627193588e-02
5780.00 4.957513081346238e-02
5790.00 4.966544639010038e-02
5800.00 4.974935246433010e-02
5810.00 4.982679221349186e-02
5820.00 4.989771259413948e-02
5830.00 4.996206440241366e-02
5840.00 5.001980233032603e-02
5850.00 5.007088501785054e-02
5860.00 5.011527510072571e-02
5870.00 5.015293925387995e-02
5880.00 5.018384823039854e-02
5890.00 5.020797689595925e-02
5900.00 5.022530425867192e-02
5910.00 5.023581349426447e-02
5920.00 5.023949196656782e-02
5930.00 5.023633124325869e-02
5940.00 5.022632710682964e-02
5950.00 5.020947956076291e-02
5960.00 5.018579283089480e-02
5970.00 5.015527536196430e-02
5980.00 5.011793980935037e-02
5990.00 5.007380302600936e-02
6000.00 5.002288604463416e-02
6010.00 4.996521405506437e-02
6020.00 4.990081637698600e-02
6030.00 4.982972642796724e-02
6040.00 4.975198168688620e-02
6050.00 4.966762365281322e-02
6060.00 4.957669779942032e-02
6070.00 4.947925352499673e-02
6080.00 4.937534409815825e-02
6090.00 4.926502659934513e-02
6100.00 4.914836185821075e-02
6110.00 4.902541438701027e-02
6120.00 4.889625231010550e-02
6130.00 4.876094728970812e-02
6140.00 4.861957444799061e-02
6150.00 4.847221228569876e-02
6160.00 4.831894259740675e-02
6170.00 4.815985038355960e-02
6180.00 4.799502375945381e-02
6190.00 4.782455386131064e-02
6200.00 4.764853474960137e-02
6210.00 4.746706330978721e-02
6220.00 4.728023915064003e-02
6230.00 4.708816450031321e-02
6240.00 4.689094410033463e-02
6250.00 4.668868509769564e-02
6260.00 4.648149693521222e-02
6270.00 4.626949124033575e-02
6280.00 4.605278171259174e-02
6290.00 4.583148400982590e-02
6300.00 4.560571563343681e-02
6310.00 4.537559581277488e-02
6320.00 4.514124538888600e-02
6330.00 4.490278669777847e-02
6340.00 4.466034345338959e-02
6350.00 4.441404063042743e-02
6360.00 4.416400434726100e-02
6370.00 4.391036174902984e-02
6380.00 4.365324089114178e-02
6390.00 4.339277062332389e-02
6400.00 4.312908047438963e-02
6410.00 4.286230053788054e-02
6420.00 4.259256135873782e-02
6430.00 4.231999382115470e-02
6440.00 4.204472903775641e-02
6450.00 4.176689824024976e-02
6460.00 4.148663267168025e-02
6470.00 4.120406348042844e-02
6480.00 4.091932161607372e-02
6490.00 4.063253772724717e-02
6500.00 4.034384206158992e-02
6510.00 4.005336436792850e-02
6520.00 3.976123380077200e-02
6530.00 3.946757882723077e-02
6540.00 3.917252713645007e-02
6550.00 3.887620555164632e-02
6560.00 3.857873994482754e-02
6570.00 3.828025515427323e-02
6580.00 3.798087490484341e-02
6590.00 3.768072173117982e-02
6600.00 3.737991690385669e-02
6610.00 3.707858035853217e-02
6620.00 3.677683062814544e-02
6630.00 3.647478477819898e-02
6640.00 3.617255834515895e-02
6650.00 3.587026527800135e-02
6660.00 3.556801788292570e-02
6670.00 3.526592677125236e-02
6680.00 3.496410081051398e-02
6690.00 3.466264707874679e-02
6700.00 3.436167082198125e-02
6710.00 3.406127541492750e-02
6720.00 3.376156232484542e-02
6730.00 3.346263107858470e-02
6740.00 3.316457923277569e-02
6750.00 3.286750234714737e-02
6760.00 3.257149396094441e-02
6770.00 3.227664557241190e-02
6780.00 3.198304662131141e-02
6790.00 3.169078447442984e-02
6800.00 3.139994441403762e-02
6810.00 3.111060962925112e-02
6820.00 3.082286121024976e-02
6830.00 3.053677814529663e-02
6840.00 3.025243732050830e-02
6850.00 2.996991352231748e-02
6860.00 2.968927944256968e-02
6870.00 2.941060568619367e-02
6880.00 2.913396078138352e-02
6890.00 2.885941119222854e-02
6900.00 2.858702133372654e-02
6910.00 2.831685358911417e-02
6920.00 2.804896832944828e-02
6930.00 2.778342393537041e-02
6940.00 2.752027682098730e-02
6950.00 2.725958145979931e-02
6960.00 2.700139041260908e-02
6970.00 2.674575435734278e-02
6980.00 2.649272212071672e-02
6990.00 2.624234071168282e-02
7000.00 2.599465535658701e-02
7010.00 2.574970953597574e-02
7020.00 2.550754502298689e-02
7030.00 2.526820192326252e-02
7040.00 2.503171871632263e-02
7050.00 2.479813229834059e-02
7060.00 2.456747802626257e-02
7070.00 2.433978976321548e-02
7080.00 2.411509992515006e-02
7090.00 2.389343952866751e-02
7100.00 2.367483823998131e-02
7110.00 2.345932442496739e-02
7120.00 2.324692520025947e-02
7130.00 2.303766648534836e-02
7140.00 2.283157305564754e-02
7150.00 2.262866859649006e-02
7160.00 2.242897575802518e-02
7170.00 2.223251621098626e-02
7180.00 2.203931070330530e-02
7190.00 2.184937911755246e-02
7200.00 2.166274052918322e-02
7210.00 2.147941326557927e-02
7220.00 2.129941496587317e-02
7230.00 2.112276264155132e-02
7240.00 2.094947273783328e-02
7250.00 2.077956119583056e-02
7260.00 2.061304351549200e-02
7270.00 2.044993481934761e-02
7280.00 2.029024991706770e-02
7290.00 2.013400337085876e-02
7300.00 1.998120956172297e-02
7310.00 1.983188275661310e-02
7320.00 1.968603717652059e-02
7330.00 1.954368706553957e-02
7340.00 1.940484676095594e-02
7350.00 1.926953076441657e-02
7360.00 1.913775381423980e-02
7370.00 1.900953095893517e-02
7380.00 1.888487763200717e-02
7390.00 1.876380972812459e-02
7400.00 1.864634368074487e-02
7410.00 1.853249654129022e-02
7420.00 1.842228605998064e-02
7430.00 1.831573076843718e-02
7440.00 1.821285006417794e-02
7450.00 1.811366429713833e-02
7460.00 1.801819485835720e-02
7470.00 1.792646427098036e-02
7480.00 1.783849628374434e-02
7490.00 1.775431596711415e-02
7500.00 1.767394981226127e-02
7510.00 1.759742583308091e-02
7520.00 1.752477367146044e-02
7530.00 1.745602470602616e-02
7540.00 1.739121216460996e-02
7550.00 1.733037124069398e-02
7560.00 1.727353921410810e-02
7570.00 1.722075557627395e-02
7580.00 1.717206216030749e-02
7590.00 1.712750327631389e-02
7600.00 1.708712585222967e-02
7610.00 1.705097958059100e-02
7620.00 1.701911707163154e-02
7630.00 1.699159401314100e-02
7640.00 1.696846933754268e-02
7650.00 1.694980539668070e-02
7660.00 1.693566814483867e-02
7670.00 1.692612733054788e-02
7680.00 1.692125669778041e-02
7690.00 1.692113419716247e-02
7700.00 1.692584220788745e-02
7710.00 1.693546777105381e-02
7720.00 1.695010283520387e-02
7730.00 1.696984451489210e-02
7740.00 1.699479536317071e-02
7750.00 1.702506365894110e-02
7760.00 1.706076371018774e-02
7770.00 1.710201617418237e-02
7780.00 1.714894839582455e-02
7790.00 1.720169476536786e-02
7800.00 1.726039709687199e-02
7810.00 1.732520502881718e-02
7820.00 1.739627644842406e-02
7830.00 1.747377794133418e-02
7840.00 1.755788526843001e-02
7850.00 1.764878387170528e-02
7860.00 1.774666941124021e-02
7870.00 1.785174833549111e-02
7880.00 1.796423848727171e-02
7890.00 1.808436974798515e-02
7900.00 1.821238472286316e-02
7910.00 1.834853947018151e-02
7920.00 1.849310427765236e-02
7930.00 1.864636448944605e-02
7940.00 1.880862138756582e-02
7950.00 1.898019313159583e-02
7960.00 1.916141576116378e-02
7970.00 1.935264426580830e-02
7980.00 1.955425372732125e-02
7990.00 1.976664054004804e-02
8000.00 1.999022371507797e-02
8010.00 2.022544627474665e-02
8020.00 2.047277674440470e-02
8030.00 2.073271074898870e-02
8040.00 2.100577272256312e-02
8050.00 2.129251773969342e-02
8060.00 2.159353347826438e-02
8070.00 2.190944232418135e-02
8080.00 2.224090362929257e-02
8090.00 2.258861613485325e-02
8100.00 2.295332057392894e-02
8110.00 2.333580246731187e-02
8120.00 2.373689512881403e-02
8130.00 2.415748289721041e-02
8140.00 2.459850461365523e-02
8150.00 2.506095736508842e-02
8160.00 2.554590051601239e-02
8170.00 2.605446005306082e-02
8180.00 2.658783326902698e-02
8190.00 2.714729381548261e-02
8200.00 2.773419715583263e-02
8210.00 2.834998645363091e-02
8220.00 2.899619893426875e-02
8230.00 2.967447276176141e-02
8240.00 3.038655447634542e-02
8250.00 3.113430704299275e-02
8260.00 3.191971856579678e-02
8270.00 3.274491172853699e-02
8280.00 3.361215402764153e-02
8290.00 3.452386887030228e-02
8300.00 3.548264761772142e-02
8310.00 3.649126266146811e-02
8320.00 3.755268162977553e-02
8330.00 3.867008283042223e-02
8340.00 3.984687204771435e-02
8350.00 4.108670082315399e-02
8360.00 4.239348636276803e-02
8370.00 4.377143322895156e-02
8380.00 4.522505699120833e-02
8390.00 4.675921002856367e-02
8400.00 4.837910969688403e-02
8410.00 5.009036909712958e-02
8420.00 5.189903070595590e-02
8430.00 5.381160315840371e-02
8440.00 5.583510150400419e-02
8450.00 5.797709129291782e-02
8460.00 6.024573688813684e-02
8470.00 6.264985444386820e-02
8480.00 6.519897003952584e-02
8490.00 6.790338351398845e-02
8500.00 7.077423860664966e-02
8510.00 7.382360008116930e-02
8520.00 7.706453858567741e-02
8530.00 8.051122409059894e-02
8540.00 8.417902884349270e-02
8550.00 8.808464089075230e-02
8560.00 9.224618934032287e-02
8570.00 9.668338267957177e-02
8580.00 1.014176616202292e-01
8590.00 1.064723681202530e-01
8600.00 1.118729324333429e-01
8610.00 1.176470802637069e-01
8620.00 1.238250623601977e-01
8630.00 1.304399091741115e-01
8640.00 1.375277135335383e-01
8650.00 1.451279446594596e-01
8660.00 1.532837972710487e-01
8670.00 1.620425800068445e-01
8680.00 1.714561479328486e-01
8690.00 1.815813845274115e-01
8700.00 1.924807392368899e-01
8710.00 2.042228274977847e-01
8720.00 2.168831010348155e-01
8730.00 2.305445972865758e-01
8740.00 2.452987780002049e-01
8750.00 2.612464683958979e-01
8760.00 2.784989098566161e-01
8770.00 2.971789408776065e-01
8780.00 3.174223230485382e-01
8790.00 3.393792311780195e-01
8800.00 3.632159293520444e-01
8810.00 3.891166577983238e-01
8820.00 4.172857589697497e-01
8830.00 4.479500753352985e-01
8840.00 4.813616560599993e-01
8850.00 5.178008151662727e-01
8860.00 5.575795900121046e-01
8870.00 6.010456561324140e-01
8880.00 6.485867628259405e-01
8890.00 7.006357635164259e-01
8900.00 7.576763260897846e-01
8910.00 8.202494213631210e-01
8920.00 8.889607028748250e-01
8930.00 9.644889086490954e-01
8940.00 1.000000000000000e+00
8950.00 1.000000000000000e+00
8960.00 1.000000000000000e+00
8970.00 1.000000000000000e+00
8980.00 1.000000000000000e+00
8990.00 1.000000000000000e+00
9000.00 1.000000000000000e+00
9010.00 1.000000000000000e+00
9020.00 1.000000000000000e+00
9030.00 1.000000000000000e+00
9040.00 1.000000000000000e+00
9050.00 1.000000000000000e+00
9060.00 1.000000000000000e+00
9070.00 1.000000000000000e+00
9080.00 1.000000000000000e+00
9090.00 1.000000000000000e+00
9100.00 1.000000000000000e+00
9110.00 1.000000000000000e+00
9120.00 1.000000000000000e+00
9130.00 1.000000000000000e+00
9140.00 1.000000000000000e+00
9150.00 1.000000000000000e+00
9160.00 1.000000000000000e+00
9170.00 1.000000000000000e+00
9180.00 1.000000000000000e+00
9190.00 1.000000000000000e+00
9200.00 1.000000000000000e+00
9210.00 1.000000000000000e+00
9220.00 1.000000000000000e+00
9230.00 1.000000000000000e+00
9240.00 1.000000000000000e+00
9250.00 1.000000000000000e+00
9260.00 1.000000000000000e+00
9270.00 1.000000000000000e+00
9280.00 1.000000000000000e+00
9290.00 1.000000000000000e+00
9300.00 1.000000000000000e+00
9310.00 1.000000000000000e+00
9320.00 1.000000000000000e+00
9330.00 1.000000000000000e+00
9340.00 1.000000000000000e+00
9350.00 1.000000000000000e+00
9360.00 1.000000000000000e+00
9370.00 1.000000000000000e+00
9380.00 1.000000000000000e+00
9390.00 1.000000000000000e+00
9400.00 1.000000000000000e+00
9410.00 1.000000000000000e+00
9420.00 1.000000000000000e+00
9430.00 1.000000000000000e+00
9440.00 1.000000000000000e+00
9450.00 1.000000000000000e+00
9460.00 1.000000000000000e+00
9470.00 1.000000000000000e+00
9480.00 1.000000000000000e+00
9490.00 1.000000000000000e+00
9500.00 1.000000000000000e+00
9510.00 1.000000000000000e+00
9520.00 1.000000000000000e+00
9530.00 1.000000000000000e+00
9540.00 1.000000000000000e+00
9550.00 1.000000000000000e+00
9560.00 1.000000000000000e+00
9570.00 1.000000000000000e+00
9580.00 1.000000000000000e+00
9590.00 1.000000000000000e+00
9600.00 1.000000000000000e+00
9610.00 1.000000000000000e+00
9620.00 1.000000000000000e+00
9630.00 1.000000000000000e+00
9640.00 1.000000000000000e+00
9650.00 1.000000000000000e+00
9660.00 1.000000000000000e+00
9670.00 1.000000000000000e+00
9680.00 1.000000000000000e+00
9690.00 1.000000000000000e+00
9700.00 1.000000000000000e+00
9710.00 1.000000000000000e+00
9720.00 1.000000000000000e+00
9730.00 1.000000000000000e+00
9740.00 1.000000000000000e+00
9750.00 1.000000000000000e+00
9760.00 1.000000000000000e+00
9770.00 1.000000000000000e+00
9780.00 1.000000000000000e+00
9790.00 1.000000000000000e+00
9800.00 1.000000000000000e+00
9810.00 1.000000000000000e+00
9820.00 1.000000000000000e+00
9830.00 1.000000000000000e+00
9840.00 1.000000000000000e+00
9850.00 1.000000000000000e+00
9860.00 1.000000000000000e+00
9870.00 1.000000000000000e+00
9880.00 1.000000000000000e+00
9890.00 1.000000000000000e+00
9900.00 1.000000000000000e+00
9910.00 1.000000000000000e+00
9920.00 1.000000000000000e+00
9930.00 1.000000000000000e+00
9940.00 1.000000000000000e+00
9950.00 1.000000000000000e+00
9960.00 1.000000000000000e+00
9970.00 1.000000000000000e+00
9980.00 1.000000000000000e+00
9990.00 1.000000000000000e+00
10000.00 1.000000000000000e+00
10010.00 1.000000000000000e+00
10020.00 1.000000000000000e+00
10030.00 1.000000000000000e+00
10040.00 1.000000000000000e+00
10050.00 1.000000000000000e+00
10060.00 1.000000000000000e+00
10070.00 1.000000000000000e+00
10080.00 1.000000000000000e+00
10090.00 1.000000000000000e+00
10100.00 1.000000000000000e+00
10110.00 1.000000000000000e+00
10120.00 1.000000000000000e+00
10130.00 1.000000000000000e+00
10140.00 1.000000000000000e+00
10150.00 1.000000000000000e+00
10160.00 1.000000000000000e+00
10170.00 1.000000000000000e+00
10180.00 1.000000000000000e+00
10190.00 1.000000000000000e+00
10200.00 1.000000000000000e+00
10210.00 1.000000000000000e+00
10220.00 1.000000000000000e+00
10230.00 1.000000000000000e+00
10240.00 1.000000000000000e+00
10250.00 1.000000000000000e+00
10260.00 1.000000000000000e+00
10270.00 1.000000000000000e+00
10280.00 1.000000000000000e+00
10290.00 1.000000000000000e+00
10300.00 1.000000000000000e+00
10310.00 1.000000000000000e+00
10320.00 1.000000000000000e+00
10330.00 1.000000000000000e+00
10340.00 1.000000000000000e+00
10350.00 1.000000000000000e+00
10360.00 1.000000000000000e+00
10370.00 1.000000000000000e+00
10380.00 1.000000000000000e+00
10390.00 1.000000000000000e+00
10400.00 1.000000000000000e+00
10410.00 1.000000000000000e+00
10420.00 1.000000000000000e+00
10430.00 1.000000000000000e+00
10440.00 1.000000000000000e+00
10450.00 1.000000000000000e+00
10460.00 1.000000000000000e+00
10470.00 1.000000000000000e+00
10480.00 1.000000000000000e+00
10490.00 1.000000000000000e+00
10500.00 1.000000000000000e+00
10510.00 1.000000000000000e+00
10520.00 1.000000000000000e+00
10530.00 1.000000000000000e+00
10540.00 1.000000000000000e+00
10550.00 1.000000000000000e+00
10560.00 1.000000000000000e+00
10570.00 1.000000000000000e+00
10580.00 1.000000000000000e+00
10590.00 1.000000000000000e+00
10600.00 1.000000000000000e+00
10610.00 1.000000000000000e+00
10620.00 1.000000000000000e+00
10630.00 1.000000000000000e+00
10640.00 1.000000000000000e+00
10650.00 1.000000000000000e+00
10660.00 1.000000000000000e+00
10670.00 1.000000000000000e+00
10680.00 1.000000000000000e+00
10690.00 1.000000000000000e+00
10700.00 1.000000000000000e+00
10710.00 1.000000000000000e+00
10720.00 1.000000000000000e+00
10730.00 1.000000000000000e+00
10740.00 1.000000000000000e+00
10750.00 1.000000000000000e+00
10760.00 1.000000000000000e+00
10770.00 1.000000000000000e+00
10780.00 1.000000000000000e+00
10790.00 1.000000000000000e+00
10800.00 1.000000000000000e+00
10810.00 1.000000000000000e+00
10820.00 1.000000000000000e+00
10830.00 1.000000000000000e+00
10840.00 1.000000000000000e+00
10850.00 1.000000000000000e+00
10860.00 1.000000000000000e+00
10870.00 1.000000000000000e+00
10880.00 1.000000000000000e+00
10890.00 1.000000000000000e+00
10900.00 1.000000000000000e+00
10910.00 1.000000000000000e+00
10920.00 1.000000000000000e+00
10930.00 1.000000000000000e+00
10940.00 1.000000000000000e+00
10950.00 1.000000000000000e+00
10960.00 1.000000000000000e+00
10970.00 1.000000000000000e+00
10980.00 1.000000000000000e+00
10990.00 1.000000000000000e+00
11000.00 1.000000000000000e+00
