2000.00 1.875387132167816e-02
2010.00 1.875060237944126e-02
2020.00 1.874735392630100e-02
2030.00 1.874412223696709e-02
2040.00 1.874091289937496e-02
2050.00 1.873772405087948e-02
2060.00 1.873455196619034e-02
2070.00 1.873139850795269e-02
2080.00 1.872826740145683e-02
2090.00 1.872515678405762e-02
2100.00 1.872206293046474e-02
2110.00 1.871899142861366e-02
2120.00 1.871593482792377e-02
2130.00 1.871290057897568e-02
2140.00 1.870988495647907e-02
2150.00 1.870688796043396e-02
2160.00 1.870390959084034e-02
2170.00 1.870094798505306e-02
2180.00 1.869801059365273e-02
2190.00 1.869508624076843e-02
2200.00 1.869218051433563e-02
2210.00 1.868929713964462e-02
2220.00 1.868642680346966e-02
2230.00 1.868358068168163e-02
2240.00 1.868074759840965e-02
2250.00 1.867793872952461e-02
2260.00 1.867514103651047e-02
2270.00 1.867236383259296e-02
2280.00 1.866960339248180e-02
2290.00 1.866686157882214e-02
2300.00 1.866413839161396e-02
2310.00 1.866143196821213e-02
2320.00 1.865874044597149e-02
2330.00 1.865607127547264e-02
2340.00 1.865341700613499e-02
2350.00 1.865077950060368e-02
2360.00 1.864815689623356e-02
2370.00 1.864555478096008e-02
2380.00 1.864296942949295e-02
2390.00 1.864039897918701e-02
2400.00 1.863784343004227e-02
2410.00 1.863531209528446e-02
2420.00 1.863278821110725e-02
2430.00 1.863028667867184e-02
2440.00 1.862780004739761e-02
2450.00 1.862533017992973e-02
2460.00 1.862287521362305e-02
2470.00 1.862043887376785e-02
2480.00 1.861801929771900e-02
2490.00 1.861561276018620e-02
2500.00 1.861322112381458e-02
2510.00 1.861084625124931e-02
2520.00 1.860849186778069e-02
2530.00 1.860614866018295e-02
2540.00 1.860382407903671e-02
2550.00 1.860150881111622e-02
2560.00 1.859921589493752e-02
2570.00 1.859693787992001e-02
2580.00 1.859467104077339e-02
2590.00 1.859241910278797e-02
2600.00 1.859018579125404e-02
2610.00 1.858796924352646e-02
2620.00 1.858576200902462e-02
2630.00 1.858357340097427e-02
2640.00 1.858139783143997e-02
2650.00 1.857924088835716e-02
2660.00 1.857709698379040e-02
2670.00 1.857496798038483e-02
2680.00 1.857285015285015e-02
2690.00 1.857074722647667e-02
2700.00 1.856866106390953e-02
2710.00 1.856658980250359e-02
2720.00 1.856453157961369e-02
2730.00 1.856248639523983e-02
2740.00 1.856045611202717e-02
2750.00 1.855844259262085e-02
2760.00 1.855643838644028e-02
2770.00 1.855445280671120e-02
2780.00 1.855247840285301e-02
2790.00 1.855051517486572e-02
2800.00 1.854856871068478e-02
2810.00 1.854663714766502e-02
2820.00 1.854471862316132e-02
2830.00 1.854281127452850e-02
2840.00 1.854092068970203e-02
2850.00 1.853904128074646e-02
2860.00 1.853717118501663e-02
2870.00 1.853531971573830e-02
2880.00 1.853348128497601e-02
2890.00 1.853165216743946e-02
2900.00 1.852984167635441e-02
2910.00 1.852803863584995e-02
2920.00 1.852625049650669e-02
2930.00 1.852447353303432e-02
2940.00 1.852271147072315e-02
2950.00 1.852096244692802e-02
2960.00 1.851922832429409e-02
2970.00 1.851750165224075e-02
2980.00 1.851578801870346e-02
2990.00 1.851408928632736e-02
3000.00 1.851240359246731e-02
3010.00 1.851072534918785e-02
3020.00 1.850906200706959e-02
3030.00 1.850741170346737e-02
3040.00 1.850577071309090e-02
3050.00 1.850414276123047e-02
3060.00 1.850252784788609e-02
3070.00 1.850092783570290e-02
3080.00 1.849933527410030e-02
3090.00 1.849775575101376e-02
3100.00 1.849618554115295e-02
3110.00 1.849462836980820e-02
3120.00 1.849308237433434e-02
3130.00 1.849154755473137e-02
3140.00 1.849002577364445e-02
3150.00 1.848851516842842e-02
3160.00 1.848701573908329e-02
3170.00 1.848552562296391e-02
3180.00 1.848404854536057e-02
3190.00 1.848258264362812e-02
3200.00 1.848112419247627e-02
3210.00 1.847968250513077e-02
3220.00 1.847824640572071e-02
3230.00 1.847682334482670e-02
3240.00 1.847540959715843e-02
3250.00 1.847400888800621e-02
3260.00 1.847261749207973e-02
3270.00 1.847123913466930e-02
3280.00 1.846986822783947e-02
3290.00 1.846850849688053e-02
3300.00 1.846715621650219e-02
3310.00 1.846581883728504e-02
3320.00 1.846449263393879e-02
3330.00 1.846317201852798e-02
3340.00 1.846186444163322e-02
3350.00 1.846056617796421e-02
3360.00 1.845927722752094e-02
3370.00 1.845800131559372e-02
3380.00 1.845672912895679e-02
3390.00 1.845546998083591e-02
3400.00 1.845422573387623e-02
3410.00 1.845298521220684e-02
3420.00 1.845175214111805e-02
3430.00 1.845053397119045e-02
3440.00 1.844932511448860e-02
3450.00 1.844812370836735e-02
3460.00 1.844693161547184e-02
3470.00 1.844574883580208e-02
3480.00 1.844457909464836e-02
3490.00 1.844341307878494e-02
3500.00 1.844226196408272e-02
3510.00 1.844111457467079e-02
3520.00 1.843998022377491e-02
3530.00 1.843885332345963e-02
3540.00 1.843773387372494e-02
3550.00 1.843662559986115e-02
3560.00 1.843552663922310e-02
3570.00 1.843443140387535e-02
3580.00 1.843335106968880e-02
3590.00 1.843227818608284e-02
3600.00 1.843121089041233e-02
3610.00 1.843015663325787e-02
3620.00 1.842910610139370e-02
3630.00 1.842806860804558e-02
3640.00 1.842703670263290e-02
3650.00 1.842601224780083e-02
3660.00 1.842499896883965e-02
3670.00 1.842399314045906e-02
3680.00 1.842299476265907e-02
3690.00 1.842200756072998e-02
3700.00 1.842102408409119e-02
3710.00 1.842004805803299e-02
3720.00 1.841908693313599e-02
3730.00 1.841812580823898e-02
3740.00 1.841717585921288e-02
3750.00 1.841623708605766e-02
3760.00 1.841530203819275e-02
3770.00 1.841437444090843e-02
3780.00 1.841345801949501e-02
3790.00 1.841254532337189e-02
3800.00 1.841164007782936e-02
3810.00 1.841074414551258e-02
3820.00 1.840985752642155e-02
3830.00 1.840897649526596e-02
3840.00 1.840810291469097e-02
3850.00 1.840723678469658e-02
3860.00 1.840637810528278e-02
3870.00 1.840552687644958e-02
3880.00 1.840468309819698e-02
3890.00 1.840384490787983e-02
3900.00 1.840301603078842e-02
3910.00 1.840219087898731e-02
3920.00 1.840137504041195e-02
3930.00 1.840056851506233e-02
3940.00 1.839976571500301e-02
3950.00 1.839897222816944e-02
3960.00 1.839818246662617e-02
3970.00 1.839740201830864e-02
3980.00 1.839662529528141e-02
3990.00 1.839585788547993e-02
4000.00 1.839509792625904e-02
4010.00 1.839434355497360e-02
4020.00 1.839359477162361e-02
4030.00 1.839285343885422e-02
4040.00 1.839211583137512e-02
4050.00 1.839138939976692e-02
4060.00 1.839066483080387e-02
4070.00 1.838994957506657e-02
4080.00 1.838923990726471e-02
4090.00 1.838853396475315e-02
4100.00 1.838783733546734e-02
4110.00 1.838714443147182e-02
4120.00 1.838646084070206e-02
4130.00 1.838578097522259e-02
4140.00 1.838511042296886e-02
4150.00 1.838443987071514e-02
4160.00 1.838377863168716e-02
4170.00 1.838312484323978e-02
4180.00 1.838247664272785e-02
4190.00 1.838183216750622e-02
4200.00 1.838119141757488e-02
4210.00 1.838056184351444e-02
4220.00 1.837993413209915e-02
4230.00 1.837931200861931e-02
4240.00 1.837869919836521e-02
4250.00 1.837808452546597e-02
4260.00 1.837748102843761e-02
4270.00 1.837688498198986e-02
4280.00 1.837628893554211e-02
4290.00 1.837570220232010e-02
4300.00 1.837511919438839e-02
4310.00 1.837453991174698e-02
4320.00 1.837396621704102e-02
4330.00 1.837340183556080e-02
4340.00 1.837284117937088e-02
4350.00 1.837228424847126e-02
4360.00 1.837173290550709e-02
4370.00 1.837118528783321e-02
4380.00 1.837064325809479e-02
4390.00 1.837010867893696e-02
4400.00 1.836957409977913e-02
4410.00 1.836904883384705e-02
4420.00 1.836852729320526e-02
4430.00 1.836800947785378e-02
4440.00 1.836749725043774e-02
4450.00 1.836699061095715e-02
4460.00 1.836648583412170e-02
4470.00 1.836598664522171e-02
4480.00 1.836549676954746e-02
4490.00 1.836500689387321e-02
4500.00 1.836452074348927e-02
4510.00 1.836404204368591e-02
4520.00 1.836356520652771e-02
4530.00 1.836309768259525e-02
4540.00 1.836262829601765e-02
4550.00 1.836216822266579e-02
4560.00 1.836171001195908e-02
4570.00 1.836125925183296e-02
4580.00 1.836080849170685e-02
4590.00 1.836036518216133e-02
4600.00 1.835992373526096e-02
4610.00 1.835948601365089e-02
4620.00 1.835905201733112e-02
4630.00 1.835862733423710e-02
4640.00 1.835820265114307e-02
4650.00 1.835778355598450e-02
4660.00 1.835736632347107e-02
4670.00 1.835695654153824e-02
4680.00 1.835654489696026e-02
4690.00 1.835614256560802e-02
4700.00 1.835573837161064e-02
4710.00 1.835534535348415e-02
4720.00 1.835495233535767e-02
4730.00 1.835456117987633e-02
4740.00 1.835417747497559e-02
4750.00 1.835379563271999e-02
4760.00 1.835341937839985e-02
4770.00 1.835304312407970e-02
4780.00 1.835267245769501e-02
4790.00 1.835230924189091e-02
4800.00 1.835194602608681e-02
4810.00 1.835158281028271e-02
4820.00 1.835122704505920e-02
4830.00 1.835087314248085e-02
4840.00 1.835052296519279e-02
4850.00 1.835017837584019e-02
4860.00 1.834983751177788e-02
4870.00 1.834949478507042e-02
4880.00 1.834915764629841e-02
4890.00 1.834882609546185e-02
4900.00 1.834849826991558e-02
4910.00 1.834817044436932e-02
4920.00 1.834784634411335e-02
4930.00 1.834752596914768e-02
4940.00 1.834721118211746e-02
4950.00 1.834689639508724e-02
4960.00 1.834658533334732e-02
4970.00 1.834627985954285e-02
4980.00 1.834597438573837e-02
4990.00 1.834567263722420e-02
5000.00 1.834537461400032e-02
5010.00 1.834507659077644e-02
5020.00 1.834478415548801e-02
5030.00 1.834449544548988e-02
5040.00 1.834420673549175e-02
5050.00 1.834392175078392e-02
5060.00 1.834364235401154e-02
5070.00 1.834336295723915e-02
5080.00 1.834308728575706e-02
5090.00 1.834281533956528e-02
5100.00 1.834254525601864e-02
5110.00 1.834227889776230e-02
5120.00 1.834201067686081e-02
5130.00 1.834174990653992e-02
5140.00 1.834149099886417e-02
5150.00 1.834123209118843e-02
5160.00 1.834097877144814e-02
5170.00 1.834072545170784e-02
5180.00 1.834047585725784e-02
5190.00 1.834022626280785e-02
5200.00 1.833998225629330e-02
5210.00 1.833974197506905e-02
5220.00 1.833950169384480e-02
5230.00 1.833926513791084e-02
5240.00 1.833902858197689e-02
5250.00 1.833879761397839e-02
5260.00 1.833856478333473e-02
5270.00 1.833833754062653e-02
5280.00 1.833811029791832e-02
5290.00 1.833788864314556e-02
5300.00 1.833766512572765e-02
5310.00 1.833744719624519e-02
5320.00 1.833722740411758e-02
5330.00 1.833701319992542e-02
5340.00 1.833679899573326e-02
5350.00 1.833659037947655e-02
5360.00 1.833637990057468e-02
5370.00 1.833617500960827e-02
5380.00 1.833596825599670e-02
5390.00 1.833576709032059e-02
5400.00 1.833556592464447e-02
5410.00 1.833537034690380e-02
5420.00 1.833517290651798e-02
5430.00 1.833497732877731e-02
5440.00 1.833478361368179e-02
5450.00 1.833459548652172e-02
5460.00 1.833440363407135e-02
5470.00 1.833422109484673e-02
5480.00 1.833403296768665e-02
5490.00 1.833384856581688e-02
5500.00 1.833366975188255e-02
5510.00 1.833349093794823e-02
5520.00 1.833331026136875e-02
5530.00 1.833313703536987e-02
5540.00 1.833296194672585e-02
5550.00 1.833279058337212e-02
5560.00 1.833262108266354e-02
5570.00 1.833244971930981e-02
5580.00 1.833228394389153e-02
5590.00 1.833211816847324e-02
5600.00 1.833195239305496e-02
5610.00 1.833179034292698e-02
5620.00 1.833162829279900e-02
5630.00 1.833147183060646e-02
5640.00 1.833131350576878e-02
5650.00 1.833115518093109e-02
5660.00 1.833100244402885e-02
5670.00 1.833084970712662e-02
5680.00 1.833069697022438e-02
5690.00 1.833054795861244e-02
5700.00 1.833040080964565e-02
5710.00 1.833025179803371e-02
5720.00 1.833010837435722e-02
5730.00 1.832996308803558e-02
5740.00 1.832981966435909e-02
5750.00 1.832967996597290e-02
5760.00 1.832953840494156e-02
5770.00 1.832939870655537e-02
5780.00 1.832926459610462e-02
5790.00 1.832912862300873e-02
5800.00 1.832899264991283e-02
5810.00 1.832886226475239e-02
5820.00 1.832873001694679e-02
5830.00 1.832859963178635e-02
5840.00 1.832846924662590e-02
5850.00 1.832834258675575e-02
5860.00 1.832821592688560e-02
5870.00 1.832808926701546e-02
5880.00 1.832796633243561e-02
5890.00 1.832784339785576e-02
5900.00 1.832772046327591e-02
5910.00 1.832760311663151e-02
5920.00 1.832748576998711e-02
5930.00 1.832736656069756e-02
5940.00 1.832724921405315e-02
5950.00 1.832713559269905e-02
5960.00 1.832701824605465e-02
5970.00 1.832690834999084e-02
5980.00 1.832679472863674e-02
5990.00 1.832668483257294e-02
6000.00 1.832657679915428e-02
6010.00 1.832646690309048e-02
6020.00 1.832635700702667e-02
6030.00 1.832625269889832e-02
6040.00 1.832614839076996e-02
6050.00 1.832604408264160e-02
6060.00 1.832594349980354e-02
6070.00 1.832583732903004e-02
6080.00 1.832573860883713e-02
6090.00 1.832563802599907e-02
6100.00 1.832554116845131e-02
6110.00 1.832544058561325e-02
6120.00 1.832534372806549e-02
6130.00 1.832524873316288e-02
6140.00 1.832515746355057e-02
6150.00 1.832506060600281e-02
6160.00 1.832496933639050e-02
6170.00 1.832487620413303e-02
6180.00 1.832478865981102e-02
6190.00 1.832469739019871e-02
6200.00 1.832460984587669e-02
6210.00 1.832452230155468e-02
6220.00 1.832443475723267e-02
6230.00 1.832435280084610e-02
6240.00 1.832426525652409e-02
6250.00 1.832418143749237e-02
6260.00 1.832409948110580e-02
6270.00 1.832401566207409e-02
6280.00 1.832393743097782e-02
6290.00 1.832385919988155e-02
6300.00 1.832378096878529e-02
6310.00 1.832370087504387e-02
6320.00 1.832362264394760e-02
6330.00 1.832354813814163e-02
6340.00 1.832347363233566e-02
6350.00 1.832340098917484e-02
6360.00 1.832332648336887e-02
6370.00 1.832325197756290e-02
6380.00 1.832318119704723e-02
6390.00 1.832311227917671e-02
6400.00 1.832304149866104e-02
6410.00 1.832297258079052e-02
6420.00 1.832290738821030e-02
6430.00 1.832283660769463e-02
6440.00 1.832277141511440e-02
6450.00 1.832270622253418e-02
6460.00 1.832264475524426e-02
6470.00 1.832257956266403e-02
6480.00 1.832251809537411e-02
6490.00 1.832245662808418e-02
6500.00 1.832239516079426e-02
6510.00 1.832233369350433e-02
6520.00 1.832227781414986e-02
6530.00 1.832221634685993e-02
6540.00 1.832215860486031e-02
6550.00 1.832210645079613e-02
6560.00 1.832205057144165e-02
6570.00 1.832199841737747e-02
6580.00 1.832194067537785e-02
6590.00 1.832188852131367e-02
6600.00 1.832184009253979e-02
6610.00 1.832178793847561e-02
6620.00 1.832173950970173e-02
6630.00 1.832168735563755e-02
6640.00 1.832164078950882e-02
6650.00 1.832159608602524e-02
6660.00 1.832154765725136e-02
6670.00 1.832150481641293e-02
6680.00 1.832146011292934e-02
6690.00 1.832141727209091e-02
6700.00 1.832137256860733e-02
6710.00 1.832133345305920e-02
6720.00 1.832129061222076e-02
6730.00 1.832125149667263e-02
6740.00 1.832121610641479e-02
6750.00 1.832117699086666e-02
6760.00 1.832114160060883e-02
6770.00 1.832110248506069e-02
6780.00 1.832106709480286e-02
6790.00 1.832103729248047e-02
6800.00 1.832100190222263e-02
6810.00 1.832097209990025e-02
6820.00 1.832094043493271e-02
6830.00 1.832091063261032e-02
6840.00 1.832088455557823e-02
6850.00 1.832085289061069e-02
6860.00 1.832082681357861e-02
6870.00 1.832080073654652e-02
6880.00 1.832078024744987e-02
6890.00 1.832075230777264e-02
6900.00 1.832073181867599e-02
6910.00 1.832070946693420e-02
6920.00 1.832068711519241e-02
6930.00 1.832067035138607e-02
6940.00 1.832065358757973e-02
6950.00 1.832063496112823e-02
6960.00 1.832061819732189e-02
6970.00 1.832059957087040e-02
6980.00 1.832058653235435e-02
6990.00 1.832057349383831e-02
7000.00 1.832056418061256e-02
7010.00 1.832055300474167e-02
7020.00 1.832054369151592e-02
7030.00 1.832053437829018e-02
7040.00 1.832052692770958e-02
7050.00 1.832052133977413e-02
7060.00 1.832051761448383e-02
7070.00 1.832051202654839e-02
7080.00 1.832050830125809e-02
7090.00 1.832050830125809e-02
7100.00 1.832050830125809e-02
7110.00 1.832050830125809e-02
7120.00 1.832051202654839e-02
7130.00 1.832051761448383e-02
7140.00 1.832052133977413e-02
7150.00 1.832052692770958e-02
7160.00 1.832053437829018e-02
7170.00 1.832054369151592e-02
7180.00 1.832055300474167e-02
7190.00 1.832056418061256e-02
7200.00 1.832057908177376e-02
7210.00 1.832059212028980e-02
7220.00 1.832060515880585e-02
7230.00 1.832062192261219e-02
7240.00 1.832063868641853e-02
7250.00 1.832066103816032e-02
7260.00 1.832068338990211e-02
7270.00 1.832070574164391e-02
7280.00 1.832072623074055e-02
7290.00 1.832075230777264e-02
7300.00 1.832078024744987e-02
7310.00 1.832080632448196e-02
7320.00 1.832083612680435e-02
7330.00 1.832086592912674e-02
7340.00 1.832090131938457e-02
7350.00 1.832093670964241e-02
7360.00 1.832097209990025e-02
7370.00 1.832100562751293e-02
7380.00 1.832104474306107e-02
7390.00 1.832108944654465e-02
7400.00 1.832112856209278e-02
7410.00 1.832117140293121e-02
7420.00 1.832121983170509e-02
7430.00 1.832126453518867e-02
7440.00 1.832131668925285e-02
7450.00 1.832136511802673e-02
7460.00 1.832141727209091e-02
7470.00 1.832146942615509e-02
7480.00 1.832152530550957e-02
7490.00 1.832158304750919e-02
7500.00 1.832164451479912e-02
7510.00 1.832170598208904e-02
7520.00 1.832176744937897e-02
7530.00 1.832183264195919e-02
7540.00 1.832189783453941e-02
7550.00 1.832196675240993e-02
7560.00 1.832203753292561e-02
7570.00 1.832210645079613e-02
7580.00 1.832218095660210e-02
7590.00 1.832225918769836e-02
7600.00 1.832233928143978e-02
7610.00 1.832241751253605e-02
7620.00 1.832250133156776e-02
7630.00 1.832258328795433e-02
7640.00 1.832267083227634e-02
7650.00 1.832275837659836e-02
7660.00 1.832284964621067e-02
7670.00 1.832294091582298e-02
7680.00 1.832303777337074e-02
7690.00 1.832313463091850e-02
7700.00 1.832322962582111e-02
7710.00 1.832333393394947e-02
7720.00 1.832343451678753e-02
7730.00 1.832354068756104e-02
7740.00 1.832364872097969e-02
7750.00 1.832375861704350e-02
7760.00 1.832387223839760e-02
7770.00 1.832398585975170e-02
7780.00 1.832410320639610e-02
7790.00 1.832422241568565e-02
7800.00 1.832434348762035e-02
7810.00 1.832447014749050e-02
7820.00 1.832459680736065e-02
7830.00 1.832472346723080e-02
7840.00 1.832485944032669e-02
7850.00 1.832498982548714e-02
7860.00 1.832512952387333e-02
7870.00 1.832526922225952e-02
7880.00 1.832541078329086e-02
7890.00 1.832555420696735e-02
7900.00 1.832570321857929e-02
7910.00 1.832585036754608e-02
7920.00 1.832600310444832e-02
7930.00 1.832616142928600e-02
7940.00 1.832631975412369e-02
7950.00 1.832647994160652e-02
7960.00 1.832664199173450e-02
7970.00 1.832680776715279e-02
7980.00 1.832697913050652e-02
7990.00 1.832715421915054e-02
8000.00 1.832732744514942e-02
8010.00 1.832750253379345e-02
8020.00 1.832768693566322e-02
8030.00 1.832786947488785e-02
8040.00 1.832805760204792e-02
8050.00 1.832824572920799e-02
8060.00 1.832843758165836e-02
8070.00 1.832863502204418e-02
8080.00 1.832883618772030e-02
8090.00 1.832903735339642e-02
8100.00 1.832924224436283e-02
8110.00 1.832945272326469e-02
8120.00 1.832966506481171e-02
8130.00 1.832988113164902e-02
8140.00 1.833009906113148e-02
8150.00 1.833032071590424e-02
8160.00 1.833054795861244e-02
8170.00 1.833077520132065e-02
8180.00 1.833100803196430e-02
8190.00 1.833124458789825e-02
8200.00 1.833148300647736e-02
8210.00 1.833172515034676e-02
8220.00 1.833197288215160e-02
8230.00 1.833222247660160e-02
8240.00 1.833247579634190e-02
8250.00 1.833273470401764e-02
8260.00 1.833299174904823e-02
8270.00 1.833325810730457e-02
8280.00 1.833352446556091e-02
8290.00 1.833379641175270e-02
8300.00 1.833407208323479e-02
8310.00 1.833435148000717e-02
8320.00 1.833463460206985e-02
8330.00 1.833492331206799e-02
8340.00 1.833521761000156e-02
8350.00 1.833551004528999e-02
8360.00 1.833581179380417e-02
8370.00 1.833611354231834e-02
8380.00 1.833641901612282e-02
8390.00 1.833673380315304e-02
8400.00 1.833704859018326e-02
8410.00 1.833736710250378e-02
8420.00 1.833769120275974e-02
8430.00 1.833801902830601e-02
8440.00 1.833835244178772e-02
8450.00 1.833868771791458e-02
8460.00 1.833902858197689e-02
8470.00 1.833937503397465e-02
8480.00 1.833972334861755e-02
8490.00 1.834007911384106e-02
8500.00 1.834043674170971e-02
8510.00 1.834079995751381e-02
8520.00 1.834116689860821e-02
8530.00 1.834153942763805e-02
8540.00 1.834191940724850e-02
8550.00 1.834229938685894e-02
8560.00 1.834268495440483e-02
8570.00 1.834307797253132e-02
8580.00 1.834347099065781e-02
8590.00 1.834387518465519e-02
8600.00 1.834428124129772e-02
8610.00 1.834469288587570e-02
8620.00 1.834510825574398e-02
8630.00 1.834552735090256e-02
8640.00 1.834595203399658e-02
8650.00 1.834638044238091e-02
8660.00 1.834681816399097e-02
8670.00 1.834725961089134e-02
8680.00 1.834770664572716e-02
8690.00 1.834815740585327e-02
8700.00 1.834861189126968e-02
8710.00 1.834907568991184e-02
8720.00 1.834953948855400e-02
8730.00 1.835001073777676e-02
8740.00 1.835049316287041e-02
8750.00 1.835097372531891e-02
8760.00 1.835146360099316e-02
8770.00 1.835195906460285e-02
8780.00 1.835245639085770e-02
8790.00 1.835296116769314e-02
8800.00 1.835347339510918e-02
8810.00 1.835398934781551e-02
8820.00 1.835451461374760e-02
8830.00 1.835503801703453e-02
8840.00 1.835557259619236e-02
8850.00 1.835611462593079e-02
8860.00 1.835665851831436e-02
8870.00 1.835720986127853e-02
8880.00 1.835777051746845e-02
8890.00 1.835833489894867e-02
8900.00 1.835890300571918e-02
8910.00 1.835947670042515e-02
8920.00 1.836005970835686e-02
8930.00 1.836065016686916e-02
8940.00 1.836124621331692e-02
8950.00 1.836184598505497e-02
8960.00 1.836245320737362e-02
8970.00 1.836306601762772e-02
8980.00 1.836368814110756e-02
8990.00 1.836431398987770e-02
9000.00 1.836494542658329e-02
9010.00 1.836558431386948e-02
9020.00 1.836623251438141e-02
9030.00 1.836688444018364e-02
9040.00 1.836754567921162e-02
9050.00 1.836821064352989e-02
9060.00 1.836888678371906e-02
9070.00 1.836956478655338e-02
9080.00 1.837025210261345e-02
9090.00 1.837094500660896e-02
9100.00 1.837164536118507e-02
9110.00 1.837235502898693e-02
9120.00 1.837306842207909e-02
9130.00 1.837379112839699e-02
9140.00 1.837452314794064e-02
9150.00 1.837525889277458e-02
9160.00 1.837600395083427e-02
9170.00 1.837675273418427e-02
9180.00 1.837751083076000e-02
9190.00 1.837827824056149e-02
9200.00 1.837905310094357e-02
9210.00 1.837983354926109e-02
9220.00 1.838062331080437e-02
9230.00 1.838142052292824e-02
9240.00 1.838222146034241e-02
9250.00 1.838303357362747e-02
9260.00 1.838385313749313e-02
9270.00 1.838468015193939e-02
9280.00 1.838551461696625e-02
9290.00 1.838636025786400e-02
9300.00 1.838720962405205e-02
9310.00 1.838807016611099e-02
9320.00 1.838893815875053e-02
9330.00 1.838980987668037e-02
9340.00 1.839069649577141e-02
9350.00 1.839158684015274e-02
9360.00 1.839248836040497e-02
9370.00 1.839339733123779e-02
9380.00 1.839431375265121e-02
9390.00 1.839523948729038e-02
9400.00 1.839617267251015e-02
9410.00 1.839711517095566e-02
9420.00 1.839806884527206e-02
9430.00 1.839902438223362e-02
9440.00 1.839999295771122e-02
9450.00 1.840097084641457e-02
9460.00 1.840195804834366e-02
9470.00 1.840295456349850e-02
9480.00 1.840395480394363e-02
9490.00 1.840496808290482e-02
9500.00 1.840599067509174e-02
9510.00 1.840702258050442e-02
9520.00 1.840806379914284e-02
9530.00 1.840911246836185e-02
9540.00 1.841017417609692e-02
9550.00 1.841124147176743e-02
9560.00 1.841231621801853e-02
9570.00 1.841340586543083e-02
9580.00 1.841450296342373e-02
9590.00 1.841560937464237e-02
9600.00 1.841672509908676e-02
9610.00 1.841784827411175e-02
9620.00 1.841898635029793e-02
9630.00 1.842012628912926e-02
9640.00 1.842128299176693e-02
9650.00 1.842244714498520e-02
9660.00 1.842362433671951e-02
9670.00 1.842480897903442e-02
9680.00 1.842600479722023e-02
9690.00 1.842720806598663e-02
9700.00 1.842842064797878e-02
9710.00 1.842964626848698e-02
9720.00 1.843088492751122e-02
9730.00 1.843212917447090e-02
9740.00 1.843338645994663e-02
9750.00 1.843465119600296e-02
9760.00 1.843593083322048e-02
9770.00 1.843721792101860e-02
9780.00 1.843851990997791e-02
9790.00 1.843982934951782e-02
9800.00 1.844114996492863e-02
9810.00 1.844248175621033e-02
9820.00 1.844382286071777e-02
9830.00 1.844517700374126e-02
9840.00 1.844654045999050e-02
9850.00 1.844791695475578e-02
9860.00 1.844930648803711e-02
9870.00 1.845070160925388e-02
9880.00 1.845211349427700e-02
9890.00 1.845353469252586e-02
9900.00 1.845496520400047e-02
9910.00 1.845641247928143e-02
9920.00 1.845786347985268e-02
9930.00 1.845933496952057e-02
9940.00 1.846081390976906e-02
9950.00 1.846230030059814e-02
9960.00 1.846380531787872e-02
9970.00 1.846532151103020e-02
9980.00 1.846684329211712e-02
9990.00 1.846838556230068e-02
10000.00 1.846993528306484e-02
10010.00 1.847149804234505e-02
10020.00 1.847307011485100e-02
10030.00 1.847466081380844e-02
10040.00 1.847625896334648e-02
10050.00 1.847787201404572e-02
10060.00 1.847949810326099e-02
10070.00 1.848113164305687e-02
10080.00 1.848278567194939e-02
10090.00 1.848444528877735e-02
10100.00 1.848611980676651e-02
10110.00 1.848780922591686e-02
10120.00 1.848950982093811e-02
10130.00 1.849122531712055e-02
10140.00 1.849294826388359e-02
10150.00 1.849469169974327e-02
10160.00 1.849644631147385e-02
10170.00 1.849821023643017e-02
10180.00 1.849999278783798e-02
10190.00 1.850178278982639e-02
10200.00 1.850359141826630e-02
10210.00 1.850541308522224e-02
10220.00 1.850724406540394e-02
10230.00 1.850909367203712e-02
10240.00 1.851095631718636e-02
10250.00 1.851283200085163e-02
10260.00 1.851472072303295e-02
10270.00 1.851662248373032e-02
10280.00 1.851853914558887e-02
10290.00 1.852047257125378e-02
10300.00 1.852242089807987e-02
10310.00 1.852437667548656e-02
10320.00 1.852635107934475e-02
10330.00 1.852834410965443e-02
10340.00 1.853034459054470e-02
10350.00 1.853236369788647e-02
10360.00 1.853439584374428e-02
10370.00 1.853644289076328e-02
10380.00 1.853850670158863e-02
10390.00 1.854058355093002e-02
10400.00 1.854267530143261e-02
10410.00 1.854478009045124e-02
10420.00 1.854690164327621e-02
10430.00 1.854904182255268e-02
10440.00 1.855119131505489e-02
10450.00 1.855335943400860e-02
10460.00 1.855554431676865e-02
10470.00 1.855774410068989e-02
10480.00 1.855995506048203e-02
10490.00 1.856218650937080e-02
10500.00 1.856443472206593e-02
10510.00 1.856669597327709e-02
10520.00 1.856897212564945e-02
10530.00 1.857126504182816e-02
10540.00 1.857357285916805e-02
10550.00 1.857590116560459e-02
10560.00 1.857824064791203e-02
10570.00 1.858060061931610e-02
10580.00 1.858297549188137e-02
10590.00 1.858536340296268e-02
10600.00 1.858776994049549e-02
10610.00 1.859019510447979e-02
10620.00 1.859263703227043e-02
10630.00 1.859509199857712e-02
10640.00 1.859756745398045e-02
10650.00 1.860005781054497e-02
10660.00 1.860256865620613e-02
10670.00 1.860509254038334e-02
10680.00 1.860763505101204e-02
10690.00 1.861019432544708e-02
10700.00 1.861277222633362e-02
10710.00 1.861536502838135e-02
10720.00 1.861797831952572e-02
10730.00 1.862060651183128e-02
10740.00 1.862325705587864e-02
10750.00 1.862592250108719e-02
10760.00 1.862860471010208e-02
10770.00 1.863130554556847e-02
10780.00 1.863402314484119e-02
10790.00 1.863675937056541e-02
10800.00 1.863951608538628e-02
10810.00 1.864228770136833e-02
10820.00 1.864507980644703e-02
10830.00 1.864789053797722e-02
10840.00 1.865072175860405e-02
10850.00 1.865356788039207e-02
10860.00 1.865643262863159e-02
10870.00 1.865931972861290e-02
10880.00 1.866222545504570e-02
10890.00 1.866514421999454e-02
10900.00 1.866808906197548e-02
10910.00 1.867105066776276e-02
10920.00 1.867402903735638e-02
10930.00 1.867702975869179e-02
10940.00 1.868004910647869e-02
10950.00 1.868308708071709e-02
10960.00 1.868614740669727e-02
10970.00 1.868922635912895e-02
10980.00 1.869232207536697e-02
10990.00 1.869543828070164e-02
11000.00 1.869857683777809e-02
