2021J 0.002388 0.15167703 -0.94286932 0.19083075 1
2020uxz 0.008246 0.06346102 0.44342951 0.03979962 1
2001ep 0.013010 0.01482008 -0.92700140 0.20130101 1
2021hiz 0.003300 0.08288140 -0.28538547 0.09052780 1
2021jad 0.005500 0.48968720 0.12152574 -0.15781438 1
2017cbv 0.004113 0.37108479 0.43359501 0.07440709 1
ASASSN14LP 0.003400 0.23421159 0.01421564 0.24165259 1
2021dov 0.012700 0.01857036 1.08732692 0.11279416 1
2011by 0.002840 0.11848276 -0.43745556 0.00251263 1
2020yvu 0.010000 0.01267601 0.40761693 -0.02707836 1
2021zfw 0.028800 0.00311400 -1.38684632 0.05251782 1
2011fe 0.000800 0.97615830 2.27955884 0.27774335 1
2017erp 0.006261 0.05664169 0.50540067 0.17776825 1
2022eyw 0.009000 0.01030948 -2.78126225 0.22227464 1
2021fxy 0.009483 0.04651268 0.08837461 0.00476554 1
2022hrs 0.004700 0.20636382 2.88013718 -0.56709315 1
2023bee 0.006700 0.08416138 2.59459687 -0.10207000 1
2023gft 0.009800 0.03456870 0.46082008 0.03536399 1
